1,1,58.224,2.4095,4,0,4
1,1,59.791,1.9056,2,0,10
1,1,10.535,1.605,4,0,2
1,1,11.351,1.8053,2,0,7
1,1,40.05,2.808,3,0,8
1,1,3.4865,2.2064,2,2,2
1,1,55.143,1.8078,1,0,4
1,1,0.50638,1.6047,2,0,2
1,1,14.462,2.4069,2,2,9
1,1,3.4189,1.6046,4,0,11
1,1,7.6705,2.0061,3,0,11
1,1,64.677,1.705,4,2,10
1,1,NaN,NaN,4,2,7
1,1,22.886,1.9055,4,0,6
1,1,11.844,2.2065,2,2,6
1,1,5.5251,1.1034,1,0,3
1,1,156.63,1.5048,4,0,5
1,1,25.922,2.3068,4,2,8
1,1,30.445,2.6078,2,2,5
1,1,2.9743,1.6046,2,2,3
1,1,9.4723,1.9055,3,0,10
1,1,5.5653,1.4041,3,0,2
1,1,0.33285,1.9055,3,0,12
1,1,0.56791,1.6046,2,0,2
1,1,179.22,2.5074,3,2,3
1,1,71.35,1.2035,3,0,1
1,1,120.39,2.9086,2,0,11
1,1,0.93607,1.4041,1,0,3
1,1,13.439,1.8053,3,0,11
1,1,35.856,3.1091,3,0,9
1,1,1.44,2.2067,2,2,3
1,1,10.783,1.0029,1,0,10
1,1,5.6381,1.7053,1,2,4
1,1,14.689,1.705,1,2,8
1,1,2.3317,2.808,4,2,2
1,1,12.268,1.9055,3,2,9
1,1,34.403,1.6046,3,0,4
1,1,7.5343,2.3068,4,2,1
1,1,6.9157,1.4041,1,0,11
1,1,2.5038,1.3038,3,2,2
1,1,18.238,1.3038,1,0,12
1,1,6.1612,1.3038,2,0,11
1,1,12.049,1.6047,2,0,10
1,1,107.84,2.5074,3,2,10
1,1,6.4077,1.4041,1,2,7
1,1,132.45,2.7079,4,0,12
1,1,12.22,1.3038,1,2,12
1,1,6.6138,1.6047,2,2,7
1,1,0.36676,3.9113,4,2,3
1,1,3.4863,1.404,2,2,1
1,1,158.93,1.6048,3,0,3
1,1,12.937,1.3038,1,0,2
1,1,NaN,NaN,3,0,3
1,1,12.732,2.1061,1,0,6
1,1,32.136,1.404,4,0,7
1,1,10.197,1.5046,4,2,6
1,1,4.6282,2.7081,4,2,11
1,1,7.5605,2.7078,4,2,11
1,1,3.5665,3.0089,4,0,2
1,1,50.338,2.3066,4,0,10
1,1,5.8445,2.1061,2,2,11
1,1,113.62,1.9055,1,2,1
1,1,4.1819,2.0058,3,2,11
1,1,2.4643,2.2064,4,2,3
1,1,0.027476,2.2068,4,0,3
1,1,0.055183,1.3038,4,2,12
1,1,11.266,1.6047,3,2,10
1,1,13.064,2.0059,3,0,6
1,1,5.2302,2.9084,3,2,12
1,1,0.56205,1.2036,3,0,2
1,1,42.861,1.6046,3,2,8
1,1,3.3168,1.2038,2,0,3
1,1,14.216,1.1037,1,2,9
1,1,75.817,1.3037,2,2,12
1,1,0.20305,1.705,2,0,3
1,1,16.958,1.1032,1,2,6
1,1,44.465,1.9055,3,2,4
1,1,1.5457,1.2035,1,0,1
1,1,42.374,2.0058,4,0,11
1,1,10.889,2.1061,2,0,12
1,1,28.755,2.7077,4,2,4
1,1,0.034329,1.0029,1,2,3
1,1,1.9763,1.5044,1,2,2
1,1,1.8878,1.7049,4,0,3
1,1,22.839,1.1037,2,2,10
1,1,4.3533,1.9056,2,2,11
1,1,5.698,2.8083,3,2,11
1,1,39.546,1.6047,3,0,7
1,1,1.6473,1.4041,1,0,2
1,1,84.899,3.0086,3,2,7
1,1,83.791,1.5046,1,0,9
1,1,22.582,1.2035,4,2,9
1,1,38.47,1.6046,2,2,4
1,1,10.139,1.5045,4,0,9
1,1,36.847,1.9056,2,2,8
1,1,16.471,1.9054,2,2,10
1,1,47.403,1.2034,2,0,4
1,1,5.9167,2.1062,3,2,6
1,1,6.0146,3.1089,4,2,5
1,1,8.8937,1.7051,3,2,1
1,1,1.4437,1.1032,1,2,5
1,1,104.7,2.0057,1,0,8
1,1,9.7265,1.1032,2,0,9
1,1,14.703,1.3037,3,0,5
1,1,17.835,1.6046,4,2,10
1,1,9.0625,2.2063,2,2,2
1,1,6.8375,2.7077,1,0,5
1,1,14.248,1.5044,1,2,2
1,1,16.312,3.109,2,0,6
1,1,0.99108,1.6046,4,0,1
1,1,16.507,0.80241,1,0,7
1,1,17.034,1.5045,3,2,5
1,1,21.389,3.3095,4,0,10
1,1,12.663,1.1032,1,0,10
1,1,8.2033,2.2064,4,2,2
1,1,23.597,1.0031,1,2,10
1,1,4.2853,1.4041,3,2,3
1,1,8.7838,2.6077,3,0,10
1,1,21.813,1.5044,1,2,11
1,1,2.8393,1.4041,2,0,1
1,1,39.521,2.9086,2,0,8
1,1,38.34,1.5043,4,0,8
1,1,1.0466,1.8053,1,2,11
1,1,52.922,1.4042,1,2,10
1,1,4.8852,3.3097,1,0,11
1,1,4.9058,1.3038,1,2,3
1,1,15.789,1.8053,2,0,5
1,1,0.997,1.2035,3,2,2
1,2,29.012,1.511,4,0,4
1,2,57.727,2.5072,2,0,10
1,2,17.454,1.4041,4,0,2
1,2,69.546,1.3038,2,0,7
1,2,3.876,2.1061,3,0,8
1,2,3.051,1.3038,2,2,2
1,2,53.596,1.6073,1,0,4
1,2,0.2449,1.7061,2,0,2
1,2,24.035,1.3039,2,2,9
1,2,80.864,2.006,4,0,11
1,2,1.3896,2.2064,3,0,11
1,2,56.141,1.5043,4,2,10
1,2,2.4315,2.3066,4,2,7
1,2,14.078,1.5043,4,0,6
1,2,65.233,2.8087,2,2,6
1,2,5.5787,1.0029,1,0,3
1,2,25.372,3.0087,4,0,5
1,2,40.458,1.7049,4,2,8
1,2,35.769,2.6075,2,2,5
1,2,4.4577,1.9054,2,2,3
1,2,11.233,1.705,3,0,10
1,2,4.9261,1.7049,3,0,2
1,2,5.273,2.3066,3,0,12
1,2,8.0552,1.8052,2,0,2
1,2,106.56,2.7077,3,2,3
1,2,4.111,1.404,3,0,1
1,2,7.4327,2.6074,2,0,11
1,2,1.3667,2.3067,1,0,3
1,2,73.412,3.3093,3,0,11
1,2,136.96,1.3037,3,0,9
1,2,0.0028869,2.3067,2,2,3
1,2,44.677,1.2035,1,0,10
1,2,63.571,1.4042,1,2,4
1,2,5.7662,1.0028,1,2,8
1,2,7.6487,1.7048,4,2,2
1,2,27.173,2.5072,3,2,9
1,2,33.908,1.404,3,0,4
1,2,8.8594,1.3037,4,2,1
1,2,1.1051,2.808,1,0,11
1,2,5.2701,1.3037,3,2,2
1,2,21.544,1.3038,1,0,12
1,2,7.1377,1.5045,2,0,11
1,2,53.814,2.2064,2,0,10
1,2,5.818,2.8079,3,2,10
1,2,7.8602,1.2036,1,2,7
1,2,0.21736,1.2034,4,0,12
1,2,13.054,1.6049,1,2,12
1,2,5.0846,1.404,2,2,7
1,2,0.27484,2.2062,4,2,3
1,2,17.046,1.0029,2,2,1
1,2,3.7826,2.0059,3,0,3
1,2,18.58,1.6046,1,0,2
1,2,2.3386,2.2062,3,0,3
1,2,16.061,1.6047,1,0,6
1,2,50.497,1.9054,4,0,7
1,2,6.0733,1.8052,4,2,6
1,2,2.5593,3.5098,4,2,11
1,2,2.3766,2.3066,4,2,11
1,2,123.96,1.6045,4,0,2
1,2,55.88,2.0057,4,0,10
1,2,6.5481,1.6046,2,2,11
1,2,1.2214,0.90458,1,2,1
1,2,1.6873,1.9055,3,2,11
1,2,4.8697,1.3037,4,2,3
1,2,0.69314,1.8052,4,0,3
1,2,3.7618,1.6046,4,2,12
1,2,6.8232,1.6046,3,2,10
1,2,9.7474,1.7049,3,0,6
1,2,4.7483,2.5072,3,2,12
1,2,3.1627,1.8052,3,0,2
1,2,NaN,NaN,3,2,8
1,2,3.2364,2.2062,2,0,3
1,2,7.5421,1.0036,1,2,9
1,2,2.8008,1.7048,2,2,12
1,2,0.14561,1.5043,2,0,3
1,2,7.413,1.4041,1,2,6
1,2,28.84,2.808,3,2,4
1,2,3.5729,1.0029,1,0,1
1,2,27.66,2.1059,4,0,11
1,2,21.71,1.8052,2,0,12
1,2,7.3363,1.6045,4,2,4
1,2,1.9238,1.2035,1,2,3
1,2,2.7588,1.2035,1,2,2
1,2,4.0007,1.6045,4,0,3
1,2,10.392,1.5044,2,2,10
1,2,2.6347,2.106,2,2,11
1,2,3.4312,1.7051,3,2,11
1,2,9.0905,1.4041,3,0,7
1,2,0.15043,1.1034,1,0,2
1,2,5.2377,1.5043,3,2,7
1,2,72.249,1.9055,1,0,9
1,2,23.74,1.2034,4,2,9
1,2,70.291,2.2064,2,2,4
1,2,10.717,1.4042,4,0,9
1,2,18.917,1.7051,2,2,8
1,2,22.866,1.6046,2,2,10
1,2,19.897,2.3066,2,0,4
1,2,3.2184,1.5043,3,2,6
1,2,10.505,1.9054,4,2,5
1,2,26.406,1.6046,3,2,1
1,2,16.944,1.6047,1,2,5
1,2,9.5333,0.90264,1,0,8
1,2,5.8363,1.5043,2,0,9
1,2,19.619,1.2035,3,0,5
1,2,55.312,1.6046,4,2,10
1,2,4.4938,1.6046,2,2,2
1,2,26.843,1.1032,1,0,5
1,2,19.392,1.5047,1,2,2
1,2,59.181,2.106,2,0,6
1,2,169.05,1.404,4,0,1
1,2,13.257,1.3038,1,0,7
1,2,23.354,1.2035,3,2,5
1,2,14.841,1.5043,4,0,10
1,2,12.342,1.9055,1,0,10
1,2,12.819,2.2062,4,2,2
1,2,19.84,1.0029,1,2,10
1,2,3.6945,1.2035,3,2,3
1,2,0.64405,1.5043,3,0,10
1,2,18.519,1.4041,1,2,11
1,2,15.819,1.0029,2,0,1
1,2,22.52,1.3038,2,0,8
1,2,9.2724,1.2035,4,0,8
1,2,1.2453,1.4041,1,2,11
1,2,12.51,1.705,1,2,10
1,2,9.9932,1.404,1,0,11
1,2,4.7642,1.2035,1,2,3
1,2,18.733,1.2034,2,0,5
1,2,0.3834,1.1031,3,2,2
1,3,10.348,1.7092,4,0,4
1,3,9.1202,1.6048,2,0,10
1,3,5.2376,1.8054,4,0,2
1,3,14.185,1.4041,2,0,7
1,3,1.5312,1.705,3,0,8
1,3,4.092,1.4041,2,2,2
1,3,52.086,1.6071,1,0,4
1,3,5.0139,1.3039,2,0,2
1,3,11.378,2.1061,2,2,9
1,3,117.48,2.2062,4,0,11
1,3,14.42,1.4041,3,0,11
1,3,2.3463,1.5044,4,2,10
1,3,4.4139,2.3067,4,2,7
1,3,13.27,1.5043,4,0,6
1,3,57.038,2.0063,2,2,6
1,3,0.74338,1.404,1,0,3
1,3,10.057,2.5073,4,0,5
1,3,NaN,NaN,4,2,8
1,3,17.186,1.8052,2,2,5
1,3,1.9911,1.2035,2,2,3
1,3,3.1231,1.9056,3,0,10
1,3,4.4299,1.3038,3,0,2
1,3,0.29584,1.4041,3,0,12
1,3,4.3401,1.7049,2,0,2
1,3,NaN,NaN,3,2,3
1,3,6.3857,1.2035,3,0,1
1,3,22.252,1.6047,2,0,11
1,3,3.668,1.4042,1,0,3
1,3,42.436,2.0058,3,0,11
1,3,21.329,2.407,3,0,9
1,3,4.7478,1.9056,2,2,3
1,3,3.3215,1.2035,1,0,10
1,3,58.765,3.3097,1,2,4
1,3,12.688,1.8054,1,2,8
1,3,2.7069,1.5043,4,2,2
1,3,8.6546,2.4071,3,2,9
1,3,54.282,1.5043,3,0,4
1,3,9.2604,1.4041,4,2,1
1,3,2.5357,2.3068,1,0,11
1,3,6.9319,1.2035,3,2,2
1,3,16.911,1.3037,1,0,12
1,3,148.96,1.5044,2,0,11
1,3,44.034,2.0059,2,0,10
1,3,19.434,1.705,3,2,10
1,3,6.1853,1.6047,1,2,7
1,3,5.8325,1.6046,4,0,12
1,3,4.9734,1.8054,1,2,12
1,3,6.0983,1.4041,2,2,7
1,3,4.6201,2.3065,4,2,3
1,3,11.977,1.5043,2,2,1
1,3,0.59928,1.4041,3,0,3
1,3,13.607,1.2036,1,0,2
1,3,3.9237,1.5043,3,0,3
1,3,9.8846,1.3038,1,0,6
1,3,23.912,1.8055,4,0,7
1,3,8.1461,1.1032,4,2,6
1,3,24.145,2.0058,4,2,11
1,3,13.803,1.9055,4,2,11
1,3,41.203,1.8051,4,0,2
1,3,7.9506,2.3068,4,0,10
1,3,21.264,2.6077,2,2,11
1,3,1.6615,2.1062,1,2,1
1,3,1.3248,1.2035,3,2,11
1,3,9.1035,1.3037,4,2,3
1,3,5.2895,2.0058,4,0,3
1,3,7.6738,1.6047,4,2,12
1,3,49.439,2.0059,3,2,10
1,3,136.7,1.3038,3,0,6
1,3,0.93209,1.9055,3,2,12
1,3,2.2383,1.6047,3,0,2
1,3,11.921,1.9055,3,2,8
1,3,2.1877,1.6047,2,0,3
1,3,4.8038,1.0033,1,2,9
1,3,4.3634,1.5043,2,2,12
1,3,5.4598,1.7049,2,0,3
1,3,4.5187,1.605,1,2,6
1,3,36.931,1.5045,3,2,4
1,3,2.7185,1.1033,1,0,1
1,3,24.135,1.4041,4,0,11
1,3,33.49,2.4071,2,0,12
1,3,8.8439,1.2036,4,2,4
1,3,4.9116,1.1032,1,2,3
1,3,3.3503,1.6047,1,2,2
1,3,8.6651,1.3038,4,0,3
1,3,11.437,2.1061,2,2,10
1,3,6.2883,1.4041,2,2,11
1,3,12.687,1.8052,3,2,11
1,3,6.5379,1.2035,3,0,7
1,3,0.95994,1.304,1,0,2
1,3,0.52363,1.4041,3,2,7
1,3,4.2748,1.3038,1,0,9
1,3,16.831,1.5044,4,2,9
1,3,4.1646,1.5044,2,2,4
1,3,12.895,1.3037,4,0,9
1,3,8.6324,1.6046,2,2,8
1,3,11.302,1.2034,2,2,10
1,3,13.673,1.7049,2,0,4
1,3,4.6846,1.7051,3,2,6
1,3,16.656,1.9055,4,2,5
1,3,17.527,1.2034,3,2,1
1,3,14.447,1.1033,1,2,5
1,3,21.949,1.2036,1,0,8
1,3,9.9748,2.2066,2,0,9
1,3,19.575,1.4041,3,0,5
1,3,26.152,1.3038,4,2,10
1,3,1.6311,1.7051,2,2,2
1,3,21.387,1.1032,1,0,5
1,3,16.867,1.2035,1,2,2
1,3,4.6277,2.0058,2,0,6
1,3,26.223,2.2064,4,0,1
1,3,11.299,0.80236,1,0,7
1,3,18.209,1.4042,3,2,5
1,3,41.497,1.5044,4,0,10
1,3,12.334,1.3038,1,0,10
1,3,6.4167,1.404,4,2,2
1,3,4.4636,1.2034,1,2,10
1,3,3.3935,1.4041,3,2,3
1,3,38.24,2.0058,3,0,10
1,3,26.24,1.5043,1,2,11
1,3,6.4671,1.2035,2,0,1
1,3,4.287,1.2035,2,0,8
1,3,2.8971,1.404,4,0,8
1,3,23.748,0.9026,1,2,11
1,3,8.1104,1.5043,1,2,10
1,3,22.386,1.9055,1,0,11
1,3,0.36654,1.304,1,2,3
1,3,13.541,1.8053,2,0,5
1,3,3.2232,1.7049,3,2,2
2,1,15.258,0.70415,4,0,4
2,1,127.96,1.0027,2,0,10
2,1,2.4643,0.80253,4,0,2
2,1,108.19,2.206,2,0,7
2,1,42.124,1.0026,3,0,8
2,1,34.921,2.2061,2,2,2
2,1,51.434,0.80455,1,0,4
2,1,10.269,0.80254,2,0,2
2,1,4.2748,1.103,2,2,9
2,1,132.97,0.90311,4,0,11
2,1,49.633,1.2031,3,0,11
2,1,45.589,1.3039,4,2,10
2,1,NaN,0.20067,4,2,7
2,1,63.289,0.80243,4,0,6
2,1,30.674,1.4043,2,2,6
2,1,9.5523,0.90258,1,0,3
2,1,179.8,2.0057,4,0,5
2,1,NaN,NaN,4,2,8
2,1,NaN,NaN,2,2,5
2,1,5.1765,1.0027,2,2,3
2,1,24.574,1.8067,3,0,10
2,1,40.006,1.5044,3,0,2
2,1,164.76,1.1031,3,0,12
2,1,15.764,1.4038,2,0,2
2,1,167.73,0.80231,3,2,3
2,1,116.12,2.0062,3,0,1
2,1,2.2674,1.3046,2,0,11
2,1,0.79988,1.1028,1,0,3
2,1,13.539,1.4041,3,0,11
2,1,4.7583,1.805,3,0,9
2,1,8.0488,1.5052,2,2,3
2,1,17.077,0.80234,1,0,10
2,1,62.679,1.0032,1,2,4
2,1,21.385,1.404,1,2,8
2,1,NaN,NaN,4,2,2
2,1,NaN,NaN,3,2,9
2,1,NaN,NaN,3,0,4
2,1,NaN,NaN,4,2,1
2,1,2.3704,1.0027,1,0,11
2,1,NaN,NaN,3,2,2
2,1,16.166,1.2032,1,0,12
2,1,176.48,1.4035,2,0,11
2,1,112.6,1.5057,2,0,10
2,1,23.467,1.5047,3,2,10
2,1,4.991,1.2033,1,2,7
2,1,139.21,1.3036,4,0,12
2,1,15.54,1.3036,1,2,12
2,1,13.857,1.4038,2,2,7
2,1,4.0029,1.5042,4,2,3
2,1,10.926,1.1033,2,2,1
2,1,125.17,1.8054,3,0,3
2,1,12.821,1.1031,1,0,2
2,1,77.99,1.3033,3,0,3
2,1,24.306,1.2036,1,0,6
2,1,133.78,1.4039,4,0,7
2,1,8.178,1.2036,4,2,6
2,1,96.856,1.5039,4,2,11
2,1,1.4778,2.3062,4,2,11
2,1,158.08,0.90254,4,0,2
2,1,49.274,1.8069,4,0,10
2,1,6.9045,1.2041,2,2,11
2,1,0.35798,1.1035,1,2,1
2,1,10.208,1.5059,3,2,11
2,1,3.4582,1.3039,4,2,3
2,1,8.5008,0.70203,4,0,3
2,1,64.512,1.3038,4,2,12
2,1,25.334,1.203,3,2,10
2,1,47.413,1.5045,3,0,6
2,1,14.911,1.1042,3,2,12
2,1,3.7116,1.304,3,0,2
2,1,54.391,1.9056,3,2,8
2,1,6.1374,1.2033,2,0,3
2,1,6.0407,0.8023,1,2,9
2,1,0.85997,1.4039,2,2,12
2,1,8.8597,1.5058,2,0,3
2,1,9.1814,0.90263,1,2,6
2,1,21.355,2.1063,3,2,4
2,1,17.201,1.2037,1,0,1
2,1,9.86,0.90249,4,0,11
2,1,117.46,1.3048,2,0,12
2,1,19.374,1.9049,4,2,4
2,1,NaN,NaN,1,2,3
2,1,5.9109,1.4038,1,2,2
2,1,0.29103,1.8058,4,0,3
2,1,26.639,1.3034,2,2,10
2,1,9.4667,1.8051,2,2,11
2,1,74.81,1.8048,3,2,11
2,1,156.33,3.0109,3,0,7
2,1,12.193,1.0027,1,0,2
2,1,3.9781,1.2034,3,2,7
2,1,132.36,1.705,1,0,9
2,1,9.1698,1.6046,4,2,9
2,1,59.268,1.1031,2,2,4
2,1,156.04,0.70233,4,0,9
2,1,40.084,1.5042,2,2,8
2,1,114.89,1.0029,2,2,10
2,1,92.867,1.5057,2,0,4
2,1,164.05,3.1095,3,2,6
2,1,45.664,1.3038,4,2,5
2,1,108.85,1.3039,3,2,1
2,1,25.976,1.3036,1,2,5
2,1,33.686,1.2033,1,0,8
2,1,5.2456,3.5091,2,0,9
2,1,143.85,2.0065,3,0,5
2,1,24.38,1.6041,4,2,10
2,1,3.8439,1.505,2,2,2
2,1,36.379,1.3047,1,0,5
2,1,11.001,1.3035,1,2,2
2,1,36.515,1.2042,2,0,6
2,1,162.96,1.0034,4,0,1
2,1,10.167,0.90284,1,0,7
2,1,44.236,1.4039,3,2,5
2,1,161.99,1.6045,4,0,10
2,1,117.53,2.1115,1,0,10
2,1,NaN,NaN,4,2,2
2,1,8.2136,1.0027,1,2,10
2,1,4.5532,1.4036,3,2,3
2,1,71.163,1.0038,3,0,10
2,1,NaN,NaN,1,2,11
2,1,61.496,2.0061,2,0,1
2,1,165.41,1.0026,2,0,8
2,1,116.49,1.2036,4,0,8
2,1,4.4038,1.1033,1,2,11
2,1,4.2533,0.80217,1,2,10
2,1,9.5752,3.9148,1,0,11
2,1,9.2306,1.2038,1,2,3
2,1,90.09,1.1079,2,0,5
2,1,120.46,1.2036,3,2,2
2,2,29.957,1.1053,4,0,4
2,2,80.602,0.90272,2,0,10
2,2,7.7473,1.2033,4,0,2
2,2,10.58,1.4039,2,0,7
2,2,38.908,1.4052,3,0,8
2,2,1.9944,1.7048,2,2,2
2,2,60.845,0.90468,1,0,4
2,2,1.2024,1.3036,2,0,2
2,2,3.1175,1.5056,2,2,9
2,2,174.21,1.4038,4,0,11
2,2,118.94,1.4039,3,0,11
2,2,39.365,1.4037,4,2,10
2,2,4.1195,1.3034,4,2,7
2,2,16.784,1.3036,4,0,6
2,2,6.361,1.5044,2,2,6
2,2,7.3241,2.0059,1,0,3
2,2,159.91,1.0032,4,0,5
2,2,62.62,2.3067,4,2,8
2,2,18.687,1.3042,2,2,5
2,2,4.4304,1.3039,2,2,3
2,2,129.16,1.5043,3,0,10
2,2,144.07,1.304,3,0,2
2,2,173.67,1.8057,3,0,12
2,2,125.94,1.0029,2,0,2
2,2,3.8257,2.4064,3,2,3
2,2,78.056,1.3036,3,0,1
2,2,3.7714,1.9077,2,0,11
2,2,0.44354,1.8059,1,0,3
2,2,9.264,2.0056,3,0,11
2,2,71.852,1.6049,3,0,9
2,2,6.3995,1.504,2,2,3
2,2,8.3273,1.9051,1,0,10
2,2,50.434,1.7056,1,2,4
2,2,1.3941,1.5043,1,2,8
2,2,8.8543,1.4045,4,2,2
2,2,7.8616,1.4038,3,2,9
2,2,141.19,1.0028,3,0,4
2,2,39.087,3.4091,4,2,1
2,2,14.734,1.0028,1,0,11
2,2,15.013,2.4062,3,2,2
2,2,10.089,1.1031,1,0,12
2,2,173.64,1.8048,2,0,11
2,2,29.196,1.9057,2,0,10
2,2,23.645,1.7052,3,2,10
2,2,5.7713,1.3041,1,2,7
2,2,43.947,1.6054,4,0,12
2,2,7.4763,1.2044,1,2,12
2,2,8.3384,1.504,2,2,7
2,2,102.59,1.7047,4,2,3
2,2,10.87,1.5046,2,2,1
2,2,160.81,1.5038,3,0,3
2,2,7.8753,1.404,1,0,2
2,2,149.24,1.4052,3,0,3
2,2,23.801,1.1031,1,0,6
2,2,147.6,1.6062,4,0,7
2,2,3.9449,3.6104,4,2,6
2,2,83.532,1.8047,4,2,11
2,2,74.41,2.2059,4,2,11
2,2,2.8725,2.4067,4,0,2
2,2,155.5,1.3042,4,0,10
2,2,5.7793,1.9049,2,2,11
2,2,0.3824,1.5048,1,2,1
2,2,3.6164,2.1055,3,2,11
2,2,118.31,2.4057,4,2,3
2,2,82.03,3.0084,4,0,3
2,2,41.88,2.1055,4,2,12
2,2,23.111,1.5039,3,2,10
2,2,7.6171,1.4042,3,0,6
2,2,14.938,1.4046,3,2,12
2,2,3.3277,1.6043,3,0,2
2,2,41.102,1.404,3,2,8
2,2,35.366,1.0029,2,0,3
2,2,13.545,2.5072,1,2,9
2,2,70.148,1.8048,2,2,12
2,2,2.4492,1.8051,2,0,3
2,2,3.4205,1.2033,1,2,6
2,2,157.48,1.8048,3,2,4
2,2,0.10141,1.3037,1,0,1
2,2,53.614,1.6042,4,0,11
2,2,103.03,2.6073,2,0,12
2,2,139.85,2.7095,4,2,4
2,2,1.6727,1.0029,1,2,3
2,2,3.2636,1.4038,1,2,2
2,2,3.8296,1.6046,4,0,3
2,2,23.621,1.3034,2,2,10
2,2,178.75,1.0026,2,2,11
2,2,8.4353,1.604,3,2,11
2,2,55.541,0.80235,3,0,7
2,2,1.2919,1.6044,1,0,2
2,2,145.77,1.8049,3,2,7
2,2,1.8101,1.2039,1,0,9
2,2,1.245,1.1033,4,2,9
2,2,57.448,1.2033,2,2,4
2,2,0.80924,1.7045,4,0,9
2,2,28.969,1.404,2,2,8
2,2,5.131,1.8052,2,2,10
2,2,13.731,0.90259,2,0,4
2,2,39.083,1.3034,3,2,6
2,2,80.938,3.4089,4,2,5
2,2,46.684,3.2095,3,2,1
2,2,21.456,1.7047,1,2,5
2,2,44.606,1.6041,1,0,8
2,2,8.1034,1.5044,2,0,9
2,2,87.672,1.8062,3,0,5
2,2,6.216,1.7046,4,2,10
2,2,122.71,1.5245,2,2,2
2,2,6.6852,0.90257,1,0,5
2,2,13.004,1.8057,1,2,2
2,2,13.647,1.1034,2,0,6
2,2,32.625,2.0057,4,0,1
2,2,6.9752,1.1032,1,0,7
2,2,78.094,1.404,3,2,5
2,2,110.67,2.0056,4,0,10
2,2,11.711,1.5044,1,0,10
2,2,8.5803,2.206,4,2,2
2,2,18.614,1.8055,1,2,10
2,2,148.46,1.8051,3,2,3
2,2,49.798,1.7052,3,0,10
2,2,4.6715,1.3036,1,2,11
2,2,9.3992,1.6046,2,0,1
2,2,30.198,1.6043,2,0,8
2,2,81.914,1.3035,4,0,8
2,2,5.8342,1.5042,1,2,11
2,2,10.692,1.304,1,2,10
2,2,14.022,1.4038,1,0,11
2,2,2.9516,1.3038,1,2,3
2,2,171.04,1.3037,2,0,5
2,2,43.218,1.0027,3,2,2
2,3,7.0789,0.90492,4,0,4
2,3,28.295,1.2037,2,0,10
2,3,44.937,1.3045,4,0,2
2,3,114.45,1.7048,2,0,7
2,3,157.68,0.60177,3,0,8
2,3,8.9495,1.504,2,2,2
2,3,51.342,1.1048,1,0,4
2,3,19.866,2.5062,2,0,2
2,3,8.179,2.1056,2,2,9
2,3,0.92977,2.0061,4,0,11
2,3,130.56,1.3037,3,0,11
2,3,49.989,1.3035,4,2,10
2,3,1.3139,1.4039,4,2,7
2,3,14.209,1.2037,4,0,6
2,3,1.0348,2.0064,2,2,6
2,3,1.8581,1.3041,1,0,3
2,3,41.974,1.8056,4,0,5
2,3,108.05,1.9053,4,2,8
2,3,10.215,2.4063,2,2,5
2,3,3.3313,1.9058,2,2,3
2,3,174.34,2.0061,3,0,10
2,3,12.912,1.6048,3,0,2
2,3,179.66,1.5043,3,0,12
2,3,20.48,1.404,2,0,2
2,3,2.3862,2.8077,3,2,3
2,3,102.18,1.5045,3,0,1
2,3,4.3102,1.6046,2,0,11
2,3,5.7174,1.0031,1,0,3
2,3,91.033,1.1035,3,0,11
2,3,178.09,1.2038,3,0,9
2,3,1.5479,1.7047,2,2,3
2,3,52.435,1.4038,1,0,10
2,3,48.73,1.0031,1,2,4
2,3,63.241,1.4045,1,2,8
2,3,2.716,1.6043,4,2,2
2,3,17.209,2.2057,3,2,9
2,3,50.853,1.3036,3,0,4
2,3,177.5,1.8052,4,2,1
2,3,129.15,1.4041,1,0,11
2,3,101,2.2066,3,2,2
2,3,97.737,1.6053,1,0,12
2,3,10.459,1.5039,2,0,11
2,3,179.8,1.2034,2,0,10
2,3,12.724,1.4038,3,2,10
2,3,5.9528,0.90285,1,2,7
2,3,28.245,1.6044,4,0,12
2,3,9.3157,1.5046,1,2,12
2,3,3.185,2.2056,2,2,7
2,3,102.24,1.1031,4,2,3
2,3,0.8627,1.2036,2,2,1
2,3,7.8885,3.2079,3,0,3
2,3,38.076,1.6043,1,0,2
2,3,172.08,3.2078,3,0,3
2,3,28.135,1.4041,1,0,6
2,3,15.256,2.9074,4,0,7
2,3,14.123,1.103,4,2,6
2,3,136.08,1.3038,4,2,11
2,3,129.36,1.2035,4,2,11
2,3,178.37,1.1037,4,0,2
2,3,4.1016,1.7046,4,0,10
2,3,13.715,1.7052,2,2,11
2,3,6.4182,1.0028,1,2,1
2,3,3.0563,1.4039,3,2,11
2,3,43.158,3.0081,4,2,3
2,3,4.6918,1.1033,4,0,3
2,3,60.624,1.5043,4,2,12
2,3,24.803,1.4043,3,2,10
2,3,148.6,1.3035,3,0,6
2,3,87.828,1.0028,3,2,12
2,3,69.906,0.90237,3,0,2
2,3,45.521,2.306,3,2,8
2,3,19.102,1.3034,2,0,3
2,3,4.2371,1.1034,1,2,9
2,3,10.792,1.3035,2,2,12
2,3,3.6067,1.304,2,0,3
2,3,16.32,2.1059,1,2,6
2,3,146.7,2.0059,3,2,4
2,3,4.1677,1.1034,1,0,1
2,3,165.15,1.1032,4,0,11
2,3,147.93,1.5042,2,0,12
2,3,32.46,2.5066,4,2,4
2,3,1.5715,1.1032,1,2,3
2,3,12.653,1.5048,1,2,2
2,3,1.5633,2.106,4,0,3
2,3,38.849,1.7048,2,2,10
2,3,150.53,1.4042,2,2,11
2,3,78.007,1.3037,3,2,11
2,3,33.547,1.2034,3,0,7
2,3,15.947,2.306,1,0,2
2,3,3.608,1.7049,3,2,7
2,3,144.24,2.0057,1,0,9
2,3,9.3613,1.304,4,2,9
2,3,21.98,1.5047,2,2,4
2,3,128.38,1.4036,4,0,9
2,3,178.27,1.5042,2,2,8
2,3,34.593,1.5041,2,2,10
2,3,5.1313,1.4039,2,0,4
2,3,81.03,0.90259,3,2,6
2,3,165.59,1.6043,4,2,5
2,3,143.74,1.7043,3,2,1
2,3,18.426,1.2034,1,2,5
2,3,44.622,1.6044,1,0,8
2,3,171.84,1.705,2,0,9
2,3,41.295,1.4039,3,0,5
2,3,25.196,1.3034,4,2,10
2,3,14.53,1.7044,2,2,2
2,3,9.1907,1.3041,1,0,5
2,3,14.876,1.3038,1,2,2
2,3,32.038,1.5045,2,0,6
2,3,34.761,1.5043,4,0,1
2,3,6.4752,1.3045,1,0,7
2,3,NaN,NaN,3,2,5
2,3,110.14,2.1063,4,0,10
2,3,21.185,1.3039,1,0,10
2,3,13.31,1.1032,4,2,2
2,3,19.418,1.705,1,2,10
2,3,5.7721,1.103,3,2,3
2,3,65.35,1.0032,3,0,10
2,3,5.8589,1.304,1,2,11
2,3,87.449,1.1033,2,0,1
2,3,100.66,2.1062,2,0,8
2,3,17.205,1.1032,4,0,8
2,3,14.003,1.2033,1,2,11
2,3,39.612,1.9056,1,2,10
2,3,147.52,1.9049,1,0,11
2,3,5.058,1.3035,1,2,3
2,3,73.218,1.404,2,0,5
2,3,5.8029,1.6045,3,2,2
3,1,22.228,1.9123,4,0,4
3,1,NaN,NaN,2,0,10
3,1,21.714,2.11,4,0,2
3,1,117.49,1.1051,2,0,7
3,1,43.465,1.6074,3,0,8
3,1,1.6389,2.4111,2,2,2
3,1,60.506,2.3152,1,0,4
3,1,2.7449,1.6078,2,0,2
3,1,1.1447,1.0051,2,2,9
3,1,11.61,1.7085,4,0,11
3,1,14.484,1.9094,3,0,11
3,1,4.5473,1.9096,4,2,10
3,1,134.73,1.9088,4,2,7
3,1,176.91,2.8131,4,0,6
3,1,68.271,2.1097,2,2,6
3,1,3.3926,1.3056,1,0,3
3,1,53.833,2.1097,4,0,5
3,1,5.735,1.9093,4,2,8
3,1,27.369,2.0096,2,2,5
3,1,6.1281,1.4065,2,2,3
3,1,15.483,1.909,3,0,10
3,1,2.7034,2.1098,3,0,2
3,1,13.287,2.2107,3,0,12
3,1,13.476,2.6121,2,0,2
3,1,0.29306,1.7078,3,2,3
3,1,1.6908,1.9088,3,0,1
3,1,17.646,1.9089,2,0,11
3,1,3.6068,1.0052,1,0,3
3,1,7.7635,2.613,3,0,11
3,1,7.3721,1.306,3,0,9
3,1,0.40412,1.909,2,2,3
3,1,1.1591,1.7077,1,0,10
3,1,15.262,1.6081,1,2,4
3,1,7.9795,2.1097,1,2,8
3,1,3.094,1.9088,4,2,2
3,1,1.0627,1.8086,3,2,9
3,1,140.47,1.9101,3,0,4
3,1,3.7909,2.0101,4,2,1
3,1,0.78125,1.9088,1,0,11
3,1,74.137,2.4114,3,2,2
3,1,2.0293,2.6122,1,0,12
3,1,18.295,2.2103,2,0,11
3,1,27.613,2.5124,2,0,10
3,1,21.084,2.5132,3,2,10
3,1,7.422,2.9149,1,2,7
3,1,174.9,2.9148,4,0,12
3,1,8.6342,1.407,1,2,12
3,1,0.61029,2.0092,2,2,7
3,1,11.065,3.0149,4,2,3
3,1,5.0661,1.507,2,2,1
3,1,5.4286,1.5069,3,0,3
3,1,15.259,1.5071,1,0,2
3,1,4.0775,2.01,3,0,3
3,1,16.343,2.3111,1,0,6
3,1,38.102,2.6132,4,0,7
3,1,0.027864,2.3125,4,2,6
3,1,88.885,1.2054,4,2,11
3,1,19.34,3.7173,4,2,11
3,1,0.34154,2.1104,4,0,2
3,1,6.9105,2.2108,4,0,10
3,1,12.069,1.9098,2,2,11
3,1,0.30936,2.11,1,2,1
3,1,28.392,1.9091,3,2,11
3,1,20.511,3.8198,4,2,3
3,1,2.817,1.7081,4,0,3
3,1,46.934,1.3064,4,2,12
3,1,18.554,1.6075,3,2,10
3,1,9.2799,2.01,3,0,6
3,1,8.459,2.1112,3,2,12
3,1,1.3144,2.4107,3,0,2
3,1,39.204,1.6082,3,2,8
3,1,3.4866,1.7079,2,0,3
3,1,11.972,2.3133,1,2,9
3,1,11.412,1.9094,2,2,12
3,1,1.1899,1.9099,2,0,3
3,1,18.578,1.6078,1,2,6
3,1,38.928,2.513,3,2,4
3,1,0.76083,2.2108,1,0,1
3,1,160.66,1.7086,4,0,11
3,1,12.022,2.0107,2,0,12
3,1,32.106,2.212,4,2,4
3,1,0.65579,1.307,1,2,3
3,1,5.5989,1.8088,1,2,2
3,1,1.6287,1.6074,4,0,3
3,1,9.8142,2.2101,2,2,10
3,1,4.0857,2.312,2,2,11
3,1,7.1033,3.4152,3,2,11
3,1,2.2808,2.4111,3,0,7
3,1,8.7673,1.5076,1,0,2
3,1,3.3718,1.9091,3,2,7
3,1,5.1145,1.9089,1,0,9
3,1,51.153,1.8084,4,2,9
3,1,58.892,1.6074,2,2,4
3,1,3.817,1.6072,4,0,9
3,1,26.408,2.2102,2,2,8
3,1,25.65,2.0095,2,2,10
3,1,41.037,1.6072,2,0,4
3,1,35.517,2.5117,3,2,6
3,1,118.96,1.909,4,2,5
3,1,5.9816,1.9091,3,2,1
3,1,4.6201,2.2105,1,2,5
3,1,3.9999,2.1096,1,0,8
3,1,13.411,2.0088,2,0,9
3,1,2.1455,2.7121,3,0,5
3,1,22.95,1.4064,4,2,10
3,1,6.1418,1.6074,2,2,2
3,1,9.229,1.4069,1,0,5
3,1,19.316,1.306,1,2,2
3,1,34.528,2.1097,2,0,6
3,1,0.56668,1.708,4,0,1
3,1,2.6782,1.4067,1,0,7
3,1,115.49,2.11,3,2,5
3,1,15.455,2.8147,4,0,10
3,1,12.043,1.8084,1,0,10
3,1,8.924,2.1095,4,2,2
3,1,15.142,1.9089,1,2,10
3,1,1.9101,1.4065,3,2,3
3,1,19.549,2.7126,3,0,10
3,1,5.32,1.708,1,2,11
3,1,3.6325,1.6073,2,0,1
3,1,53.97,2.3117,2,0,8
3,1,129.44,3.2139,4,0,8
3,1,17.204,1.4064,1,2,11
3,1,21.483,1.7079,1,2,10
3,1,0.69981,2.411,1,0,11
3,1,6.0553,1.6074,1,2,3
3,1,2.0741,3.3153,2,0,5
3,1,1.4676,1.607,3,2,2
3,2,24.889,2.9122,4,0,4
3,2,20.767,2.7083,2,0,10
3,2,77.918,1.9061,4,0,2
3,2,2.0428,2.4077,2,0,7
3,2,2.3463,2.3073,3,0,8
3,2,0.97611,3.1087,2,2,2
3,2,52.647,2.9121,1,0,4
3,2,2.1636,1.8057,2,0,2
3,2,5.1563,2.3072,2,2,9
3,2,24.879,2.8087,4,0,11
3,2,21.048,2.9083,3,0,11
3,2,96.344,2.3072,4,2,10
3,2,0.857,1.605,4,2,7
3,2,9.7181,2.5078,4,0,6
3,2,8.8928,2.9096,2,2,6
3,2,5.6393,1.6049,1,0,3
3,2,60.349,2.2074,4,0,5
3,2,16.256,3.0093,4,2,8
3,2,29.489,3.2094,2,2,5
3,2,3.5458,2.6079,2,2,3
3,2,11.83,2.3069,3,0,10
3,2,1.3356,2.2066,3,0,2
3,2,15.012,2.4068,3,0,12
3,2,5.6004,2.4073,2,0,2
3,2,1.8148,2.307,3,2,3
3,2,1.3005,2.207,3,0,1
3,2,8.3997,2.8087,2,0,11
3,2,0.44944,1.2037,1,0,3
3,2,1.3996,2.8088,3,0,11
3,2,47.801,2.3072,3,0,9
3,2,0.45279,1.9059,2,2,3
3,2,19.162,2.7088,1,0,10
3,2,11.268,2.2071,1,2,4
3,2,76.638,3.4109,1,2,8
3,2,8.5798,2.8085,4,2,2
3,2,31.876,2.8088,3,2,9
3,2,52.902,3.6103,3,0,4
3,2,111.86,2.8088,4,2,1
3,2,25.123,2.6083,1,0,11
3,2,3.8689,2.1067,3,2,2
3,2,15.195,1.9059,1,0,12
3,2,7.3835,3.5112,2,0,11
3,2,177.99,1.906,2,0,10
3,2,24.39,2.2074,3,2,10
3,2,6.7717,2.2078,1,2,7
3,2,32.923,3.0088,4,0,12
3,2,20.522,1.6052,1,2,12
3,2,8.9312,2.9087,2,2,7
3,2,1.2295,2.0063,4,2,3
3,2,11.33,1.8057,2,2,1
3,2,2.1957,3.0084,3,0,3
3,2,21.021,1.5045,1,0,2
3,2,1.5158,2.1065,3,0,3
3,2,14.404,3.0095,1,0,6
3,2,3.2966,2.006,4,0,7
3,2,1.2749,3.1097,4,2,6
3,2,14.49,2.7083,4,2,11
3,2,27.373,3.6107,4,2,11
3,2,8.0761,2.4067,4,0,2
3,2,23.679,2.2071,4,0,10
3,2,10.945,1.8056,2,2,11
3,2,0.66532,1.7053,1,2,1
3,2,22.031,2.3074,3,2,11
3,2,3.3356,1.906,4,2,3
3,2,171.68,3.3099,4,0,3
3,2,33.465,3.21,4,2,12
3,2,17.17,1.9055,3,2,10
3,2,38.319,2.8084,3,0,6
3,2,29.499,2.9089,3,2,12
3,2,4.2932,2.5071,3,0,2
3,2,16.598,2.8091,3,2,8
3,2,3.5481,1.304,2,0,3
3,2,9.6158,3.2106,1,2,9
3,2,16.504,2.7088,2,2,12
3,2,1.1229,1.7054,2,0,3
3,2,21.711,2.0061,1,2,6
3,2,157.14,3.4111,3,2,4
3,2,1.4152,1.6049,1,0,1
3,2,10.191,2.2067,4,0,11
3,2,9.2851,2.0062,2,0,12
3,2,NaN,NaN,4,2,4
3,2,2.986,2.3073,1,2,3
3,2,5.8519,2.4073,1,2,2
3,2,3.9252,2.3068,4,0,3
3,2,16.81,2.3074,2,2,10
3,2,14.804,2.508,2,2,11
3,2,5.5536,3.0088,3,2,11
3,2,3.0085,2.1062,3,0,7
3,2,2.1555,1.6051,1,0,2
3,2,10.118,2.8088,3,2,7
3,2,3.9554,1.2041,1,0,9
3,2,85.157,3.7107,4,2,9
3,2,0.70543,2.9094,2,2,4
3,2,2.9451,2.7081,4,0,9
3,2,5.8884,2.2073,2,2,8
3,2,8.3499,1.9055,2,2,10
3,2,58.997,3.3098,2,0,4
3,2,20.895,2.7079,3,2,6
3,2,9.7103,2.9096,4,2,5
3,2,7.5968,2.5076,3,2,1
3,2,28.735,3.2102,1,2,5
3,2,6.589,2.508,1,0,8
3,2,4.748,1.8056,2,0,9
3,2,10.555,3.21,3,0,5
3,2,16.971,2.6078,4,2,10
3,2,1.6311,1.8054,2,2,2
3,2,15.843,1.6048,1,0,5
3,2,8.7579,1.8058,1,2,2
3,2,7.0309,2.0065,2,0,6
3,2,0.1228,2.0066,4,0,1
3,2,4.0028,2.5074,1,0,7
3,2,17.929,2.4077,3,2,5
3,2,74.305,3.21,4,0,10
3,2,48.914,1.7055,1,0,10
3,2,17.538,3.1095,4,2,2
3,2,18.811,2.1067,1,2,10
3,2,3.2953,1.7053,3,2,3
3,2,NaN,NaN,3,0,10
3,2,20.795,3.0093,1,2,11
3,2,4.2518,1.5049,2,0,1
3,2,19.3,1.7055,2,0,8
3,2,153.69,3.5106,4,0,8
3,2,9.9671,2.3069,1,2,11
3,2,10.965,2.0062,1,2,10
3,2,2.9192,2.6078,1,0,11
3,2,3.7974,1.6049,1,2,3
3,2,8.0033,2.9093,2,0,5
3,2,3.824,1.8057,3,2,2
3,3,47.922,2.5146,4,0,4
3,3,21.867,2.2119,2,0,10
3,3,53.068,1.3063,4,0,2
3,3,2.0027,1.6091,2,0,7
3,3,2.6313,2.0093,3,0,8
3,3,4.0439,2.4159,2,2,2
3,3,2.1176,2.2139,1,0,4
3,3,1.8945,1.6087,2,0,2
3,3,15.625,2.1105,2,2,9
3,3,137.65,3.2172,4,0,11
3,3,6.7007,3.7176,3,0,11
3,3,33.299,2.6142,4,2,10
3,3,3.1448,2.0092,4,2,7
3,3,150.31,3.3177,4,0,6
3,3,14.34,3.5174,2,2,6
3,3,6.2562,1.6102,1,0,3
3,3,7.5601,2.4112,4,0,5
3,3,25.795,1.6097,4,2,8
3,3,21.232,3.1145,2,2,5
3,3,3.9634,1.7087,2,2,3
3,3,16.288,2.0097,3,0,10
3,3,8.7197,2.5139,3,0,2
3,3,21.064,1.6075,3,0,12
3,3,15.974,2.5143,2,0,2
3,3,2.5197,2.6122,3,2,3
3,3,18.026,2.1117,3,0,1
3,3,13.555,3.1134,2,0,11
3,3,1.0807,1.1066,1,0,3
3,3,0.034824,3.8174,3,0,11
3,3,6.6121,1.9096,3,0,9
3,3,0.53804,2.1101,2,2,3
3,3,21.232,1.6097,1,0,10
3,3,5.5208,1.9094,1,2,4
3,3,3.9879,1.71,1,2,8
3,3,10.071,3.1145,4,2,2
3,3,18.166,3.2168,3,2,9
3,3,46.198,2.4111,3,0,4
3,3,7.9637,1.707,4,2,1
3,3,18.091,2.4116,1,0,11
3,3,5.2936,2.3121,3,2,2
3,3,15.195,2.5123,1,0,12
3,3,11.942,2.9166,2,0,11
3,3,170.94,2.9141,2,0,10
3,3,153.71,2.5139,3,2,10
3,3,1.0089,2.011,1,2,7
3,3,4.2252,3.5191,4,0,12
3,3,18.478,1.8092,1,2,12
3,3,7.9104,2.8149,2,2,7
3,3,1.059,2.0088,4,2,3
3,3,10.479,1.6092,2,2,1
3,3,1.5885,2.7124,3,0,3
3,3,24.887,1.7088,1,0,2
3,3,0.83505,1.9086,3,0,3
3,3,19.494,1.5082,1,0,6
3,3,2.0146,2.1097,4,0,7
3,3,22.194,3.2197,4,2,6
3,3,71.172,2.6123,4,2,11
3,3,19.922,3.6201,4,2,11
3,3,125.56,2.2107,4,0,2
3,3,15.171,2.6138,4,0,10
3,3,15.562,2.8137,2,2,11
3,3,0.65277,1.6087,1,2,1
3,3,25.921,2.8133,3,2,11
3,3,4.4332,2.0114,4,2,3
3,3,5.9162,2.1098,4,0,3
3,3,7.9585,2.6132,4,2,12
3,3,24.339,1.9091,3,2,10
3,3,39.506,3.017,3,0,6
3,3,15.584,2.1095,3,2,12
3,3,7.8087,1.9102,3,0,2
3,3,91.618,2.009,3,2,8
3,3,4.155,1.7101,2,0,3
3,3,7.1084,1.709,1,2,9
3,3,9.5562,1.9124,2,2,12
3,3,1.7712,2.01,2,0,3
3,3,NaN,NaN,1,2,6
3,3,3.4708,3.0142,3,2,4
3,3,0.66509,1.5095,1,0,1
3,3,37.875,2.9132,4,0,11
3,3,10.764,3.1162,2,0,12
3,3,43.657,3.1142,4,2,4
3,3,1.2732,1.307,1,2,3
3,3,3.1391,1.5069,1,2,2
3,3,2.9713,1.8099,4,0,3
3,3,17.986,1.7088,2,2,10
3,3,6.0097,3.2171,2,2,11
3,3,2.4965,3.2148,3,2,11
3,3,3.3785,2.6134,3,0,7
3,3,4.4217,2.1099,1,0,2
3,3,2.6963,2.4129,3,2,7
3,3,2.4273,1.5069,1,0,9
3,3,7.4661,2.0111,4,2,9
3,3,0.27893,3.0139,2,2,4
3,3,11.741,1.7097,4,0,9
3,3,4.396,2.1082,2,2,8
3,3,23.031,2.5138,2,2,10
3,3,21.023,3.4165,2,0,4
3,3,159.28,3.0163,3,2,6
3,3,55.986,1.8087,4,2,5
3,3,14.317,1.6094,3,2,1
3,3,48.053,3.0146,1,2,5
3,3,8.6514,2.2115,1,0,8
3,3,11.61,1.4061,2,0,9
3,3,17.47,3.0167,3,0,5
3,3,20.571,1.9084,4,2,10
3,3,7.808,2.2122,2,2,2
3,3,42.022,2.6121,1,0,5
3,3,13.924,2.3128,1,2,2
3,3,46.392,2.2119,2,0,6
3,3,5.7387,2.3129,4,0,1
3,3,2.563,1.6092,1,0,7
3,3,13.858,2.7139,3,2,5
3,3,19.595,2.4135,4,0,10
3,3,12.891,2.0107,1,0,10
3,3,84.035,2.7158,4,2,2
3,3,10.143,2.2129,1,2,10
3,3,0.3145,2.9168,3,2,3
3,3,40.554,2.3129,3,0,10
3,3,96.532,3.6187,1,2,11
3,3,2.5823,1.81,2,0,1
3,3,23.16,2.9159,2,0,8
3,3,0.32373,2.3117,4,0,8
3,3,1.3467,3.3183,1,2,11
3,3,10.399,1.9108,1,2,10
3,3,5.4518,2.1111,1,0,11
3,3,5.5404,1.8102,1,2,3
3,3,4.4981,3.4176,2,0,5
3,3,0.32866,2.1111,3,2,2
4,1,29.445,1.7149,4,0,4
4,1,74.471,1.8114,2,0,10
4,1,NaN,NaN,4,0,2
4,1,112.78,2.0133,2,0,7
4,1,141.76,1.5089,3,0,8
4,1,10.746,1.5096,2,2,2
4,1,4.661,1.8153,1,0,4
4,1,172.46,1.7103,2,0,2
4,1,20.582,1.9113,2,2,9
4,1,97.572,3.2195,4,0,11
4,1,8.1895,2.4144,3,0,11
4,1,55.856,1.6102,4,2,10
4,1,0.0070611,1.3081,4,2,7
4,1,7.2012,1.8104,4,0,6
4,1,14.273,2.3144,2,2,6
4,1,2.8214,1.6107,1,0,3
4,1,15.976,2.9188,4,0,5
4,1,4.0974,2.1139,4,2,8
4,1,10.922,2.5164,2,2,5
4,1,1.5388,1.811,2,2,3
4,1,10.101,2.0127,3,0,10
4,1,7.7225,2.6171,3,0,2
4,1,19.023,1.509,3,0,12
4,1,18.433,2.2135,2,0,2
4,1,2.2793,1.8112,3,2,3
4,1,30.642,2.5171,3,0,1
4,1,3.2008,2.5156,2,0,11
4,1,2.7778,1.4093,1,0,3
4,1,3.6302,3.7223,3,0,11
4,1,171.24,2.2134,3,0,9
4,1,1.6527,1.6096,2,2,3
4,1,11.772,1.8114,1,0,10
4,1,67.312,1.8111,1,2,4
4,1,2.0362,1.6103,1,2,8
4,1,3.1841,1.7104,4,2,2
4,1,15.664,1.8047,3,2,9
4,1,15.253,2.9183,3,0,4
4,1,17.443,3.2224,4,2,1
4,1,6.5882,1.9115,1,0,11
4,1,2.6778,2.0126,3,2,2
4,1,4.3774,1.7102,1,0,12
4,1,0.53042,3.2195,2,0,11
4,1,16.117,3.2203,2,0,10
4,1,13.476,1.7094,3,2,10
4,1,9.9916,1.6097,1,2,7
4,1,0.8436,1.5098,4,0,12
4,1,6.1393,1.4083,1,2,12
4,1,1.7169,3.4216,2,2,7
4,1,1.5333,2.918,4,2,3
4,1,28.77,2.3143,2,2,1
4,1,1.2236,2.5155,3,0,3
4,1,17.664,2.2143,1,0,2
4,1,1.6081,1.7105,3,0,3
4,1,0.198,2.3145,1,0,6
4,1,30.615,2.4148,4,0,7
4,1,8.0972,1.6097,4,2,6
4,1,0.41024,2.2141,4,2,11
4,1,6.8876,2.0141,4,2,11
4,1,6.9141,3.8235,4,0,2
4,1,37.866,2.7206,4,0,10
4,1,8.9839,1.7109,2,2,11
4,1,19.058,1.813,1,2,1
4,1,5.2151,2.7165,3,2,11
4,1,2.259,2.0124,4,2,3
4,1,0.98906,2.4152,4,0,3
4,1,14.4,2.5164,4,2,12
4,1,61.692,2.5162,3,2,10
4,1,57.474,3.6228,3,0,6
4,1,5.108,2.0126,3,2,12
4,1,4.7478,1.7113,3,0,2
4,1,31.035,1.912,3,2,8
4,1,1.9992,2.8173,2,0,3
4,1,0.27725,2.2144,1,2,9
4,1,0.77655,2.2143,2,2,12
4,1,1.3152,1.8112,2,0,3
4,1,14.564,1.9126,1,2,6
4,1,26.23,2.7166,3,2,4
4,1,15.236,2.316,1,0,1
4,1,1.5644,2.3143,4,0,11
4,1,1.7174,2.9176,2,0,12
4,1,0.42433,1.7117,4,2,4
4,1,2.6753,1.7107,1,2,3
4,1,5.9716,1.7106,1,2,2
4,1,5.1963,2.1135,4,0,3
4,1,12.144,2.5152,2,2,10
4,1,7.6425,2.9196,2,2,11
4,1,3.0949,2.0123,3,2,11
4,1,11.426,1.6103,3,0,7
4,1,3.05,1.5093,1,0,2
4,1,2.1201,1.5097,3,2,7
4,1,NaN,NaN,1,0,9
4,1,3.3355,2.114,4,2,9
4,1,53.203,1.6095,2,2,4
4,1,2.7599,2.3141,4,0,9
4,1,15.038,2.8153,2,2,8
4,1,7.8304,2.3144,2,2,10
4,1,16.082,2.5152,2,0,4
4,1,21.453,1.6099,3,2,6
4,1,69.58,2.5165,4,2,5
4,1,29.418,3.0123,3,2,1
4,1,20.106,1.1074,1,2,5
4,1,1.2269,3.4215,1,0,8
4,1,0.69343,2.617,2,0,9
4,1,21.749,1.9124,3,0,5
4,1,26.293,2.214,4,2,10
4,1,6.3658,3.3201,2,2,2
4,1,17.614,1.8114,1,0,5
4,1,20.204,1.7101,1,2,2
4,1,41.93,1.8102,2,0,6
4,1,2.1961,2.2139,4,0,1
4,1,5.2562,1.4083,1,0,7
4,1,48.351,2.6159,3,2,5
4,1,NaN,NaN,4,0,10
4,1,0.57825,2.5167,1,0,10
4,1,10.852,1.3084,4,2,2
4,1,12.254,2.1126,1,2,10
4,1,5.6991,1.7103,3,2,3
4,1,14.052,1.7104,3,0,10
4,1,8.3414,1.509,1,2,11
4,1,27.345,2.5149,2,0,1
4,1,0.41888,1.9114,2,0,8
4,1,10.869,1.5087,4,0,8
4,1,3.6516,1.5099,1,2,11
4,1,57.675,1.7114,1,2,10
4,1,1.0902,1.8116,1,0,11
4,1,2.9727,1.8106,1,2,3
4,1,9.7416,3.0189,2,0,5
4,1,11.283,3.6217,3,2,2
4,2,20.072,2.1199,4,0,4
4,2,10.301,2.717,2,0,10
4,2,12.539,1.6113,4,0,2
4,2,16.833,3.7243,2,0,7
4,2,23.931,2.6177,3,0,8
4,2,6.0746,1.7122,2,2,2
4,2,12.052,1.5146,1,0,4
4,2,9.2995,1.7111,2,0,2
4,2,8.076,2.9201,2,2,9
4,2,13.23,3.2233,4,0,11
4,2,10.047,1.9128,3,0,11
4,2,NaN,NaN,4,2,10
4,2,21.126,2.3169,4,2,7
4,2,116.58,2.6175,4,0,6
4,2,10.986,2.7189,2,2,6
4,2,3.6409,1.3095,1,0,3
4,2,171.76,3.7258,4,0,5
4,2,52.962,3.2232,4,2,8
4,2,19.276,2.5165,2,2,5
4,2,3.0088,1.711,2,2,3
4,2,20.34,2.7182,3,0,10
4,2,9.0299,1.8129,3,0,2
4,2,37.602,1.6107,3,0,12
4,2,4.3798,2.7213,2,0,2
4,2,8.8736,1.9126,3,2,3
4,2,4.3135,2.8188,3,0,1
4,2,13.291,1.611,2,0,11
4,2,0.40299,1.409,1,0,3
4,2,20.107,3.3216,3,0,11
4,2,19.923,3.1219,3,0,9
4,2,10.087,3.1227,2,2,3
4,2,4.4902,1.6104,1,0,10
4,2,2.1438,1.7117,1,2,4
4,2,15.739,1.9125,1,2,8
4,2,7.9344,2.2146,4,2,2
4,2,12.643,2.9166,3,2,9
4,2,17.9,2.4186,3,0,4
4,2,0.12803,2.7186,4,2,1
4,2,20.838,1.3085,1,0,11
4,2,12.569,2.1151,3,2,2
4,2,4.8036,2.9194,1,0,12
4,2,0.27328,2.7178,2,0,11
4,2,25.752,2.1139,2,0,10
4,2,15.393,3.1215,3,2,10
4,2,23.095,1.4089,1,2,7
4,2,27.356,3.2229,4,0,12
4,2,25.317,1.7111,1,2,12
4,2,15.886,2.3147,2,2,7
4,2,6.8082,2.1148,4,2,3
4,2,2.6382,2.2154,2,2,1
4,2,2.7401,2.2151,3,0,3
4,2,2.058,1.9135,1,0,2
4,2,0.91517,2.3155,3,0,3
4,2,9.2913,2.4165,1,0,6
4,2,27.305,3.7236,4,0,7
4,2,5.5587,2.1143,4,2,6
4,2,6.4761,2.4165,4,2,11
4,2,3.884,1.9121,4,2,11
4,2,8.3321,2.2145,4,0,2
4,2,44.002,1.6113,4,0,10
4,2,9.3234,1.9159,2,2,11
4,2,1.1359,1.711,1,2,1
4,2,12.609,2.924,3,2,11
4,2,8.231,2.114,4,2,3
4,2,7.6044,3.7249,4,0,3
4,2,47.123,2.1144,4,2,12
4,2,18.3,2.4174,3,2,10
4,2,14.43,2.9188,3,0,6
4,2,15.785,3.1214,3,2,12
4,2,5.0968,1.6117,3,0,2
4,2,15.606,2.2143,3,2,8
4,2,2.2082,1.4096,2,0,3
4,2,4.113,2.0148,1,2,9
4,2,29.183,2.0133,2,2,12
4,2,10.849,1.8125,2,0,3
4,2,7.1942,1.7132,1,2,6
4,2,6.9831,3.0198,3,2,4
4,2,3.5045,2.1141,1,0,1
4,2,99.304,3.5233,4,0,11
4,2,43.483,2.7171,2,0,12
4,2,1.4527,2.4155,4,2,4
4,2,9.5932,1.9123,1,2,3
4,2,11.504,1.7127,1,2,2
4,2,70.474,3.2205,4,0,3
4,2,9.4716,2.8213,2,2,10
4,2,NaN,NaN,2,2,11
4,2,0.12895,1.8121,3,2,11
4,2,8.2265,2.0133,3,0,7
4,2,14.935,2.1139,1,0,2
4,2,1.0944,1.6115,3,2,7
4,2,1.8918,2.215,1,0,9
4,2,23.342,3.0214,4,2,9
4,2,1.7563,2.4158,2,2,4
4,2,2.6134,2.7204,4,0,9
4,2,2.0701,2.6182,2,2,8
4,2,8.1232,1.8118,2,2,10
4,2,109.3,3.5238,2,0,4
4,2,13.499,1.9136,3,2,6
4,2,16.304,2.6198,4,2,5
4,2,4.2552,1.5107,3,2,1
4,2,7.8468,2.3157,1,2,5
4,2,6.1941,1.9127,1,0,8
4,2,0.44309,2.9216,2,0,9
4,2,22.318,1.8124,3,0,5
4,2,3.0603,2.0137,4,2,10
4,2,3.5476,2.1141,2,2,2
4,2,7.5256,2.1142,1,0,5
4,2,7.2163,1.6113,1,2,2
4,2,36.47,3.5222,2,0,6
4,2,0.21388,1.5117,4,0,1
4,2,5.7731,1.5115,1,0,7
4,2,12.024,2.8232,3,2,5
4,2,57.511,1.8114,4,0,10
4,2,4.0513,1.6115,1,0,10
4,2,13.014,1.812,4,2,2
4,2,8.4123,1.8118,1,2,10
4,2,3.4001,1.9125,3,2,3
4,2,13.944,2.2163,3,0,10
4,2,12.831,1.7124,1,2,11
4,2,2.457,1.814,2,0,1
4,2,7.0704,2.4164,2,0,8
4,2,10.47,1.8116,4,0,8
4,2,5.0281,2.9191,1,2,11
4,2,1.6836,1.7118,1,2,10
4,2,9.2062,1.6116,1,0,11
4,2,0.27081,2.1134,1,2,3
4,2,8.1963,2.0127,2,0,5
4,2,10.02,2.4156,3,2,2
4,3,36.97,2.1134,4,0,4
4,3,9.1373,2.2069,2,0,10
4,3,2.7439,2.2093,4,0,2
4,3,26.916,2.1067,2,0,7
4,3,12.781,1.9077,3,0,8
4,3,10.261,2.2062,2,2,2
4,3,8.4014,1.6095,1,0,4
4,3,9.1576,2.808,2,0,2
4,3,3.8469,2.01,2,2,9
4,3,9.0936,1.6049,4,0,11
4,3,13.757,2.4104,3,0,11
4,3,117.54,3.7107,4,2,10
4,3,29.96,2.4113,4,2,7
4,3,15.116,1.9055,4,0,6
4,3,6.7171,2.611,2,2,6
4,3,6.129,1.6043,1,0,3
4,3,163.59,2.0075,4,0,5
4,3,62.317,3.7106,4,2,8
4,3,5.8347,2.1093,2,2,5
4,3,3.3567,1.8054,2,2,3
4,3,15.08,2.309,3,0,10
4,3,12.758,2.8079,3,0,2
4,3,3.7782,1.8073,3,0,12
4,3,10.903,2.0057,2,0,2
4,3,2.9774,1.7083,3,2,3
4,3,2.9333,1.6051,3,0,1
4,3,4.504,2.8122,2,0,11
4,3,2.4308,1.104,1,0,3
4,3,1.3263,2.6113,3,0,11
4,3,162.73,1.8063,3,0,9
4,3,80.499,2.8119,2,2,3
4,3,16.521,1.3056,1,0,10
4,3,8.3625,2.1088,1,2,4
4,3,4.6788,1.8091,1,2,8
4,3,15.204,2.4104,4,2,2
4,3,10.516,1.606,3,2,9
4,3,NaN,NaN,3,0,4
4,3,NaN,0.00029717,4,2,1
4,3,3.0137,1.807,1,0,11
4,3,16.591,1.9082,3,2,2
4,3,6.5472,2.4103,1,0,12
4,3,19.103,1.4055,2,0,11
4,3,7.3828,2.7122,2,0,10
4,3,10.062,2.9136,3,2,10
4,3,20.337,2.0071,1,2,7
4,3,36.342,2.0081,4,0,12
4,3,9.4628,2.411,1,2,12
4,3,16.691,2.6123,2,2,7
4,3,4.3564,2.8128,4,2,3
4,3,4.6731,1.5058,2,2,1
4,3,2.7273,1.8084,3,0,3
4,3,6.6129,2.2083,1,0,2
4,3,4.3668,2.0096,3,0,3
4,3,11.247,2.1084,1,0,6
4,3,35.622,2.1102,4,0,7
4,3,10.296,2.1092,4,2,6
4,3,27.997,3.3141,4,2,11
4,3,2.0472,2.009,4,2,11
4,3,15.43,2.0081,4,0,2
4,3,15.957,1.7062,4,0,10
4,3,3.008,1.8085,2,2,11
4,3,1.4437,1.6076,1,2,1
4,3,1.0525,2.3101,3,2,11
4,3,1.3816,1.9073,4,2,3
4,3,92.166,2.9118,4,0,3
4,3,28.71,2.0082,4,2,12
4,3,12.444,2.0086,3,2,10
4,3,139.64,2.6104,3,0,6
4,3,15.17,1.8091,3,2,12
4,3,16.036,1.5061,3,0,2
4,3,3.7986,2.1083,3,2,8
4,3,2.3931,1.3058,2,0,3
4,3,1.231,1.5056,1,2,9
4,3,21.608,2.6116,2,2,12
4,3,96.574,2.5088,2,0,3
4,3,6.4739,1.4064,1,2,6
4,3,36.351,2.5116,3,2,4
4,3,1.6271,1.6078,1,0,1
4,3,8.4313,2.4102,4,0,11
4,3,23.321,2.0085,2,0,12
4,3,51.13,2.211,4,2,4
4,3,2.1814,1.2058,1,2,3
4,3,8.7641,1.6072,1,2,2
4,3,6.5385,1.7085,4,0,3
4,3,7.9335,2.0098,2,2,10
4,3,13.477,2.7113,2,2,11
4,3,14.857,2.7111,3,2,11
4,3,145.68,3.1137,3,0,7
4,3,22.738,1.4056,1,0,2
4,3,5.6974,2.6115,3,2,7
4,3,0.50138,2.108,1,0,9
4,3,5.9426,1.9089,4,2,9
4,3,45.505,2.0093,2,2,4
4,3,7.7593,1.7084,4,0,9
4,3,2.7442,2.1063,2,2,8
4,3,10.279,1.9088,2,2,10
4,3,61.068,2.9087,2,0,4
4,3,129.41,2.7098,3,2,6
4,3,13.352,2.6093,4,2,5
4,3,1.5966,1.6063,3,2,1
4,3,1.1641,2.3108,1,2,5
4,3,6.4076,2.1085,1,0,8
4,3,1.197,1.404,2,0,9
4,3,94.746,2.1081,3,0,5
4,3,3.7907,1.4061,4,2,10
4,3,8.026,2.8117,2,2,2
4,3,8.8676,2.4089,1,0,5
4,3,1.7279,1.9087,1,2,2
4,3,12.143,3.1125,2,0,6
4,3,0.64234,1.607,4,0,1
4,3,9.519,1.4044,1,0,7
4,3,17.903,2.5124,3,2,5
4,3,3.2735,2.008,4,0,10
4,3,5.8236,1.4054,1,0,10
4,3,2.8105,1.9088,4,2,2
4,3,3.6588,2.2111,1,2,10
4,3,0.47554,2.21,3,2,3
4,3,15.304,2.0104,3,0,10
4,3,10.122,1.8079,1,2,11
4,3,3.0091,1.6064,2,0,1
4,3,3.985,1.5063,2,0,8
4,3,62.369,2.1089,4,0,8
4,3,16.059,1.5067,1,2,11
4,3,3.6695,1.9097,1,2,10
4,3,7.9598,1.7083,1,0,11
4,3,4.1346,1.2057,1,2,3
4,3,5.0725,2.811,2,0,5
4,3,13.838,1.6073,3,2,2
5,1,27.319,1.2078,4,0,4
5,1,140.97,1.7071,2,0,10
5,1,4.481,1.4071,4,0,2
5,1,22.718,2.1081,2,0,7
5,1,158.56,2.2088,3,0,8
5,1,0.18784,1.707,2,2,2
5,1,22.356,1.1078,1,0,4
5,1,1.5386,1.6065,2,0,2
5,1,22.279,2.2105,2,2,9
5,1,14.457,2.5108,4,0,11
5,1,67.394,2.6121,3,0,11
5,1,NaN,NaN,4,2,10
5,1,54.188,2.21,4,2,7
5,1,11.804,1.1051,4,0,6
5,1,37.156,1.7081,2,2,6
5,1,3.7389,1.4064,1,0,3
5,1,65.371,2.2099,4,0,5
5,1,156.89,1.7075,4,2,8
5,1,4.0293,1.8085,2,2,5
5,1,2.7658,1.7075,2,2,3
5,1,23.486,2.2094,3,0,10
5,1,5.3931,2.1092,3,0,2
5,1,11.35,1.5065,3,0,12
5,1,12.66,1.8071,2,0,2
5,1,0.16539,1.8084,3,2,3
5,1,3.8334,1.9085,3,0,1
5,1,16.142,2.4099,2,0,11
5,1,2.7044,1.4062,1,0,3
5,1,15.539,1.7083,3,0,11
5,1,5.803,2.6112,3,0,9
5,1,1.2569,1.8083,2,2,3
5,1,5.1656,2.7122,1,0,10
5,1,0.27532,1.7077,1,2,4
5,1,17.482,1.6062,1,2,8
5,1,105.85,2.3113,4,2,2
5,1,6.8163,1.908,3,2,9
5,1,173.02,1.6073,3,0,4
5,1,0.73937,2.2093,4,2,1
5,1,127.08,1.4055,1,0,11
5,1,25.941,2.7111,3,2,2
5,1,10.614,1.8088,1,0,12
5,1,45.447,2.8119,2,0,11
5,1,44.405,1.9071,2,0,10
5,1,13.717,2.5104,3,2,10
5,1,17.17,2.1098,1,2,7
5,1,5.8338,2.2097,4,0,12
5,1,20.4,1.8083,1,2,12
5,1,30.545,3.5163,2,2,7
5,1,1.0846,1.6058,4,2,3
5,1,4.4908,1.6063,2,2,1
5,1,11.877,1.3096,3,0,3
5,1,12.155,2.5098,1,0,2
5,1,6.6848,1.4061,3,0,3
5,1,1.6563,1.8082,1,0,6
5,1,13.901,1.7069,4,0,7
5,1,24.392,3.2149,4,2,6
5,1,73.453,2.1086,4,2,11
5,1,NaN,NaN,4,2,11
5,1,115.91,2.1082,4,0,2
5,1,78.86,1.6064,4,0,10
5,1,12.544,1.5058,2,2,11
5,1,0.21911,1.3056,1,2,1
5,1,27.557,2.2098,3,2,11
5,1,5.1515,1.9065,4,2,3
5,1,6.2607,1.908,4,0,3
5,1,7.3338,1.3056,4,2,12
5,1,40.532,1.7081,3,2,10
5,1,128.74,1.9078,3,0,6
5,1,161.24,2.2109,3,2,12
5,1,2.9145,1.6078,3,0,2
5,1,2.4608,2.4106,3,2,8
5,1,0.098176,2.4098,2,0,3
5,1,7.1008,1.5074,1,2,9
5,1,3.1239,2.4108,2,2,12
5,1,9.3833,1.5067,2,0,3
5,1,0.40636,1.807,1,2,6
5,1,55.762,2.109,3,2,4
5,1,0.75603,1.4082,1,0,1
5,1,17.155,2.9129,4,0,11
5,1,16.601,1.908,2,0,12
5,1,49.144,1.6074,4,2,4
5,1,1.4987,1.5071,1,2,3
5,1,9.413,1.4061,1,2,2
5,1,2.6627,2.108,4,0,3
5,1,1.6374,2.711,2,2,10
5,1,6.3836,3.013,2,2,11
5,1,23.688,2.913,3,2,11
5,1,44.487,3.314,3,0,7
5,1,12.06,1.4064,1,0,2
5,1,17.162,1.3064,3,2,7
5,1,2.6124,1.3052,1,0,9
5,1,159.02,2.3103,4,2,9
5,1,24.238,1.5061,2,2,4
5,1,35.915,1.4062,4,0,9
5,1,4.7644,2.5114,2,2,8
5,1,5.7162,2.4107,2,2,10
5,1,49.89,2.7123,2,0,4
5,1,10.051,2.5104,3,2,6
5,1,74.884,2.9128,4,2,5
5,1,4.4234,1.807,3,2,1
5,1,2.9761,1.0039,1,2,5
5,1,6.5142,1.406,1,0,8
5,1,3.3266,1.6068,2,0,9
5,1,1.504,2.0094,3,0,5
5,1,29.328,2.4102,4,2,10
5,1,16.793,1.9081,2,2,2
5,1,6.3855,1.2053,1,0,5
5,1,3.9657,1.8072,1,2,2
5,1,64.161,2.8105,2,0,6
5,1,1.6698,1.7066,4,0,1
5,1,28.12,2.1098,1,0,7
5,1,11.094,1.607,3,2,5
5,1,14.489,2.8126,4,0,10
5,1,15.524,1.8086,1,0,10
5,1,7.6191,1.8068,4,2,2
5,1,3.7069,1.9078,1,2,10
5,1,3.1984,1.6065,3,2,3
5,1,9.567,1.8085,3,0,10
5,1,14.155,2.2096,1,2,11
5,1,2.0765,1.4053,2,0,1
5,1,35.047,3.2129,2,0,8
5,1,166.17,1.4056,4,0,8
5,1,1.7349,1.4063,1,2,11
5,1,19.618,1.3053,1,2,10
5,1,5.487,2.1091,1,0,11
5,1,6.2266,1.3055,1,2,3
5,1,4.8222,2.0089,2,0,5
5,1,2.159,1.607,3,2,2
5,2,7.4396,1.9101,4,0,4
5,2,1.5312,2.007,2,0,10
5,2,2.7875,1.4054,4,0,2
5,2,34.506,2.2069,2,0,7
5,2,6.3965,1.7061,3,0,8
5,2,8.4979,1.505,2,2,2
5,2,41.104,1.3078,1,0,4
5,2,10.842,1.3045,2,0,2
5,2,4.449,1.4049,2,2,9
5,2,18.424,2.0061,4,0,11
5,2,164.3,0.80276,3,0,11
5,2,62.183,2.1067,4,2,10
5,2,16.164,1.807,4,2,7
5,2,33.731,1.506,4,0,6
5,2,15.747,3.0111,2,2,6
5,2,5.3923,1.6065,1,0,3
5,2,174.69,2.5094,4,0,5
5,2,NaN,NaN,4,2,8
5,2,8.4333,2.1071,2,2,5
5,2,2.2708,2.1079,2,2,3
5,2,6.8487,1.6058,3,0,10
5,2,4.6522,1.9065,3,0,2
5,2,36.811,2.3083,3,0,12
5,2,8.0395,1.5046,2,0,2
5,2,3.4355,1.9073,3,2,3
5,2,5.71,1.7058,3,0,1
5,2,7.5411,1.8064,2,0,11
5,2,1.0002,1.1048,1,0,3
5,2,4.91,2.0083,3,0,11
5,2,13.417,1.6058,3,0,9
5,2,0.6621,1.8056,2,2,3
5,2,1.3313,1.6063,1,0,10
5,2,4.0928,1.5057,1,2,4
5,2,3.3475,2.0066,1,2,8
5,2,7.1738,2.0083,4,2,2
5,2,5.26,1.5055,3,2,9
5,2,42.495,2.3083,3,0,4
5,2,2.3454,2.2079,4,2,1
5,2,4.6847,1.8075,1,0,11
5,2,2.448,1.8059,3,2,2
5,2,12.314,2.7108,1,0,12
5,2,2.5311,2.8113,2,0,11
5,2,3.629,2.6097,2,0,10
5,2,30.097,1.806,3,2,10
5,2,2.0486,1.7064,1,2,7
5,2,86.858,1.4052,4,0,12
5,2,7.077,2.7112,1,2,12
5,2,30.595,2.5088,2,2,7
5,2,0.95427,2.3076,4,2,3
5,2,6.3347,1.4052,2,2,1
5,2,4.2601,1.6063,3,0,3
5,2,11.79,1.305,1,0,2
5,2,3.5403,1.8065,3,0,3
5,2,11.572,2.7106,1,0,6
5,2,9.6331,2.3081,4,0,7
5,2,157.7,2.7092,4,2,6
5,2,0.83892,1.9067,4,2,11
5,2,77.835,2.2076,4,2,11
5,2,6.452,2.0077,4,0,2
5,2,126.6,1.1044,4,0,10
5,2,12.363,2.2094,2,2,11
5,2,1.3091,1.8082,1,2,1
5,2,29.469,2.3086,3,2,11
5,2,2.9713,1.8062,4,2,3
5,2,0.20851,2.3078,4,0,3
5,2,39.645,3.7166,4,2,12
5,2,5.3747,1.8068,3,2,10
5,2,51.088,2.5108,3,0,6
5,2,0.92299,1.6058,3,2,12
5,2,9.0495,2.5106,3,0,2
5,2,29.896,1.9068,3,2,8
5,2,2.1814,1.8058,2,0,3
5,2,4.5636,1.3048,1,2,9
5,2,10.171,1.706,2,2,12
5,2,0.46161,2.1068,2,0,3
5,2,2.1023,1.7059,1,2,6
5,2,36.57,2.3083,3,2,4
5,2,0.22595,1.505,1,0,1
5,2,24.071,2.8093,4,0,11
5,2,26.838,2.3082,2,0,12
5,2,5.9105,2.9095,4,2,4
5,2,2.0303,1.3051,1,2,3
5,2,4.7262,2.0069,1,2,2
5,2,2.4907,1.6061,4,0,3
5,2,50.255,2.3085,2,2,10
5,2,18.217,3.6145,2,2,11
5,2,7.5431,1.5053,3,2,11
5,2,7.2147,1.6057,3,0,7
5,2,15.244,1.3051,1,0,2
5,2,3.3599,1.5048,3,2,7
5,2,6.3026,2.2078,1,0,9
5,2,6.8314,1.6055,4,2,9
5,2,52.821,1.8066,2,2,4
5,2,7.6912,1.7066,4,0,9
5,2,0.88063,2.6097,2,2,8
5,2,107.05,2.7092,2,2,10
5,2,43.896,1.5053,2,0,4
5,2,49.329,2.4086,3,2,6
5,2,0.87648,2.2078,4,2,5
5,2,0.02382,2.7093,3,2,1
5,2,5.8153,1.506,1,2,5
5,2,3.1096,1.6061,1,0,8
5,2,123.96,1.5047,2,0,9
5,2,12.005,1.606,3,0,5
5,2,24.4,2.0058,4,2,10
5,2,3.2639,2.308,2,2,2
5,2,6.1269,1.3047,1,0,5
5,2,9.0689,2.2088,1,2,2
5,2,3.6831,2.2084,2,0,6
5,2,0.045456,1.4042,4,0,1
5,2,4.4429,1.4056,1,0,7
5,2,26.373,1.9064,3,2,5
5,2,26.097,1.9066,4,0,10
5,2,4.1563,2.0073,1,0,10
5,2,8.7293,1.5054,4,2,2
5,2,6.604,1.606,1,2,10
5,2,4.2817,2.2073,3,2,3
5,2,6.39,2.0081,3,0,10
5,2,25.744,1.5063,1,2,11
5,2,2.7729,1.4051,2,0,1
5,2,20.7,3.2114,2,0,8
5,2,78.535,3.2108,4,0,8
5,2,0.58663,1.606,1,2,11
5,2,3.7618,1.5059,1,2,10
5,2,6.4888,1.9066,1,0,11
5,2,4.6486,1.9069,1,2,3
5,2,1.3292,1.706,2,0,5
5,2,9.5219,1.8055,3,2,2
5,3,4.7947,1.711,4,0,4
5,3,66.541,2.0099,2,0,10
5,3,0.38027,1.406,4,0,2
5,3,115.78,1.7078,2,0,7
5,3,2.439,1.5059,3,0,8
5,3,15.641,2.7103,2,2,2
5,3,43.908,1.7107,1,0,4
5,3,14.277,1.7069,2,0,2
5,3,18.382,1.3054,2,2,9
5,3,107.78,2.3097,4,0,11
5,3,1.2843,2.8124,3,0,11
5,3,69.333,3.1128,4,2,10
5,3,19.078,2.21,4,2,7
5,3,48.399,3.0136,4,0,6
5,3,13.364,3.0132,2,2,6
5,3,8.351,1.4066,1,0,3
5,3,9.0972,1.8082,4,0,5
5,3,31.891,2.7126,4,2,8
5,3,2.9112,2.41,2,2,5
5,3,2.7568,2.008,2,2,3
5,3,85.519,1.5068,3,0,10
5,3,14.835,1.7073,3,0,2
5,3,42.9,2.2097,3,0,12
5,3,15.699,2.4106,2,0,2
5,3,3.3367,1.9082,3,2,3
5,3,2.7589,2.0102,3,0,1
5,3,15.9,1.7075,2,0,11
5,3,2.1525,1.7084,1,0,3
5,3,32.639,3.4149,3,0,11
5,3,2.6881,2.2095,3,0,9
5,3,0.41441,1.6072,2,2,3
5,3,3.9154,1.4057,1,0,10
5,3,73.964,2.4119,1,2,4
5,3,2.264,1.4058,1,2,8
5,3,12.005,1.8077,4,2,2
5,3,6.9195,1.6069,3,2,9
5,3,26.454,2.2105,3,0,4
5,3,1.5617,1.6066,4,2,1
5,3,15.3,1.4071,1,0,11
5,3,12.717,1.6065,3,2,2
5,3,5.5388,2.0101,1,0,12
5,3,33.671,2.8119,2,0,11
5,3,10.733,1.8072,2,0,10
5,3,32.702,1.5062,3,2,10
5,3,1.0757,1.6072,1,2,7
5,3,42.392,1.4062,4,0,12
5,3,24.9,1.6079,1,2,12
5,3,4.1427,1.607,2,2,7
5,3,1.303,1.9079,4,2,3
5,3,7.0258,1.5061,2,2,1
5,3,1.9033,1.9079,3,0,3
5,3,1.946,1.708,1,0,2
5,3,0.34514,1.3058,3,0,3
5,3,11.983,2.8122,1,0,6
5,3,6.8884,2.611,4,0,7
5,3,174.84,2.711,4,2,6
5,3,7.1384,2.3101,4,2,11
5,3,NaN,NaN,4,2,11
5,3,13.171,2.0087,4,0,2
5,3,26.739,1.6068,4,0,10
5,3,16.541,1.9083,2,2,11
5,3,1.3694,1.7078,1,2,1
5,3,4.8013,1.8077,3,2,11
5,3,7.9118,1.6064,4,2,3
5,3,0.011833,2.4088,4,0,3
5,3,11.551,2.4109,4,2,12
5,3,117.03,1.8077,3,2,10
5,3,10.952,3.0141,3,0,6
5,3,6.4156,2.0079,3,2,12
5,3,44.087,2.712,3,0,2
5,3,13.14,1.8075,3,2,8
5,3,4.7301,1.7077,2,0,3
5,3,4.5136,1.6073,1,2,9
5,3,4.1614,2.1091,2,2,12
5,3,0.99217,3.3149,2,0,3
5,3,6.3258,1.8073,1,2,6
5,3,22.274,1.8069,3,2,4
5,3,0.60172,1.5072,1,0,1
5,3,21.006,2.5096,4,0,11
5,3,0.84982,1.7079,2,0,12
5,3,22.709,1.707,4,2,4
5,3,0.1768,1.9081,1,2,3
5,3,13.694,1.4064,1,2,2
5,3,3.9015,1.6062,4,0,3
5,3,6.865,1.8072,2,2,10
5,3,1.4932,2.8134,2,2,11
5,3,2.4448,1.7073,3,2,11
5,3,10.719,1.7078,3,0,7
5,3,17.285,1.1051,1,0,2
5,3,0.99396,1.8071,3,2,7
5,3,6.9816,1.5071,1,0,9
5,3,6.9774,1.808,4,2,9
5,3,48.21,1.5064,2,2,4
5,3,7.201,2.1084,4,0,9
5,3,17.112,3.5156,2,2,8
5,3,12.34,2.5111,2,2,10
5,3,75.551,3.1136,2,0,4
5,3,17.469,2.6117,3,2,6
5,3,59.988,2.7124,4,2,5
5,3,4.6886,1.9084,3,2,1
5,3,2.0886,1.2061,1,2,5
5,3,0.080768,1.5069,1,0,8
5,3,0.43247,1.707,2,0,9
5,3,96.052,1.8075,3,0,5
5,3,5.6677,2.2102,4,2,10
5,3,11.616,2.2096,2,2,2
5,3,7.8128,1.1049,1,0,5
5,3,5.9458,1.5067,1,2,2
5,3,15.323,3.0133,2,0,6
5,3,1.9076,2.1091,4,0,1
5,3,9.9757,1.6086,1,0,7
5,3,1.4494,2.0086,3,2,5
5,3,39.571,2.2088,4,0,10
5,3,2.6519,1.507,1,0,10
5,3,5.8406,1.3052,4,2,2
5,3,2.931,1.607,1,2,10
5,3,4.7099,2.2091,3,2,3
5,3,2.006,1.8071,3,0,10
5,3,20.077,1.8085,1,2,11
5,3,4.1778,1.6072,2,0,1
5,3,16.601,1.9079,2,0,8
5,3,18.28,2.3098,4,0,8
5,3,10.325,1.5072,1,2,11
5,3,2.4102,1.7078,1,2,10
5,3,85.461,1.4069,1,0,11
5,3,4.6909,1.3062,1,2,3
5,3,9.9152,2.109,2,0,5
5,3,15.805,1.7079,3,2,2
7,1,156.69,3.1308,4,0,4
7,1,35.385,1.7133,2,0,10
7,1,59.624,2.7199,4,0,2
7,1,1.5942,1.5085,2,0,7
7,1,2.4357,2.2141,3,0,8
7,1,8.4979,1.7086,2,2,2
7,1,44.083,1.5159,1,0,4
7,1,100.11,1.7126,2,0,2
7,1,9.4811,2.0153,2,2,9
7,1,6.3876,2.6195,4,0,11
7,1,2.6491,2.3157,3,0,11
7,1,89.174,1.5083,4,2,10
7,1,0.41702,1.6108,4,2,7
7,1,4.7334,1.4091,4,0,6
7,1,1.5769,2.2177,2,2,6
7,1,13.288,2.0156,1,0,3
7,1,157.81,2.8194,4,0,5
7,1,7.5643,1.5113,4,2,8
7,1,4.3372,2.0127,2,2,5
7,1,1.2029,1.4093,2,2,3
7,1,15.962,1.6113,3,0,10
7,1,5.2007,1.7105,3,0,2
7,1,135.33,1.611,3,0,12
7,1,7.5287,2.0113,2,0,2
7,1,7.9684,2.0131,3,2,3
7,1,5.7592,1.6104,3,0,1
7,1,4.1377,1.9125,2,0,11
7,1,3.9474,1.207,1,0,3
7,1,0.96229,1.6129,3,0,11
7,1,7.4631,1.7127,3,0,9
7,1,8.8267,2.4169,2,2,3
7,1,21.32,2.4156,1,0,10
7,1,1.7286,2.4161,1,2,4
7,1,7.7663,1.8128,1,2,8
7,1,5.2419,2.4183,4,2,2
7,1,8.0077,1.5105,3,2,9
7,1,12.536,2.014,3,0,4
7,1,6.3047,1.7109,4,2,1
7,1,13.404,1.9136,1,0,11
7,1,4.3717,1.8123,3,2,2
7,1,14.352,1.3082,1,0,12
7,1,3.2932,2.3175,2,0,11
7,1,41.043,2.0127,2,0,10
7,1,5.9808,1.9124,3,2,10
7,1,2.0234,1.2088,1,2,7
7,1,36.84,1.3089,4,0,12
7,1,17.249,1.6116,1,2,12
7,1,20.651,1.4084,2,2,7
7,1,12.612,2.6213,4,2,3
7,1,4.9516,1.209,2,2,1
7,1,4.4917,1.7127,3,0,3
7,1,0.18791,1.3086,1,0,2
7,1,6.1798,1.9151,3,0,3
7,1,3.3046,1.5108,1,0,6
7,1,45.372,2.2139,4,0,7
7,1,149.43,2.2144,4,2,6
7,1,13.5,2.1151,4,2,11
7,1,16.963,2.1144,4,2,11
7,1,23.012,1.8143,4,0,2
7,1,62.501,1.7116,4,0,10
7,1,13.9,1.813,2,2,11
7,1,4.4927,1.9124,1,2,1
7,1,10.795,1.7107,3,2,11
7,1,10.684,1.611,4,2,3
7,1,9.0274,1.7118,4,0,3
7,1,10.653,2.0145,4,2,12
7,1,41.44,2.0163,3,2,10
7,1,9.0572,2.4186,3,0,6
7,1,20.833,1.6138,3,2,12
7,1,9.0938,1.7108,3,0,2
7,1,19.642,2.4144,3,2,8
7,1,2.5616,1.6101,2,0,3
7,1,9.4187,1.2088,1,2,9
7,1,11.627,1.9126,2,2,12
7,1,1.8531,2.7199,2,0,3
7,1,3.7218,1.7119,1,2,6
7,1,10.413,2.4146,3,2,4
7,1,2.0874,1.3091,1,0,1
7,1,179.73,1.6117,4,0,11
7,1,6.3483,1.5105,2,0,12
7,1,30.016,2.3165,4,2,4
7,1,7.2735,1.711,1,2,3
7,1,4.9639,1.4087,1,2,2
7,1,2.5823,1.6106,4,0,3
7,1,15.353,1.9153,2,2,10
7,1,17.453,2.2129,2,2,11
7,1,3.9562,1.7136,3,2,11
7,1,9.1837,1.5143,3,0,7
7,1,7.9518,1.6111,1,0,2
7,1,18.588,1.8115,3,2,7
7,1,17.639,1.5095,1,0,9
7,1,2.2283,1.6106,4,2,9
7,1,53.366,1.9162,2,2,4
7,1,7.5819,1.8143,4,0,9
7,1,1.0805,2.4157,2,2,8
7,1,18.555,2.3155,2,2,10
7,1,54.261,2.3162,2,0,4
7,1,0.27664,2.3147,3,2,6
7,1,42.808,2.1137,4,2,5
7,1,4.4368,2.2135,3,2,1
7,1,9.9168,1.6103,1,2,5
7,1,3.6897,1.61,1,0,8
7,1,18.248,2.9195,2,0,9
7,1,17.526,1.915,3,0,5
7,1,40.308,2.1148,4,2,10
7,1,5.1173,1.8124,2,2,2
7,1,5.9867,1.3098,1,0,5
7,1,6.3591,1.4109,1,2,2
7,1,33.315,1.6116,2,0,6
7,1,1.3749,1.6105,4,0,1
7,1,10.844,1.8105,1,0,7
7,1,15.956,2.0134,3,2,5
7,1,141.73,2.4161,4,0,10
7,1,30.742,2.1141,1,0,10
7,1,12.519,2.7206,4,2,2
7,1,13.387,1.611,1,2,10
7,1,8.7953,1.107,3,2,3
7,1,33.862,2.1166,3,0,10
7,1,16.358,1.6143,1,2,11
7,1,1.8815,1.5096,2,0,1
7,1,14.597,2.0154,2,0,8
7,1,5.8579,1.6098,4,0,8
7,1,27.216,1.4115,1,2,11
7,1,16.53,2.5167,1,2,10
7,1,15.342,1.2097,1,0,11
7,1,0.66186,2.1135,1,2,3
7,1,6.1159,2.4167,2,0,5
7,1,5.3849,1.9141,3,2,2
7,2,75.818,2.4219,4,0,4
7,2,32.652,1.4103,2,0,10
7,2,5.4639,1.3086,4,0,2
7,2,114.29,1.1069,2,0,7
7,2,32.277,1.7133,3,0,8
7,2,10.581,1.5086,2,2,2
7,2,37.41,1.5163,1,0,4
7,2,1.7268,1.4088,2,0,2
7,2,17.297,1.4085,2,2,9
7,2,156.74,2.2134,4,0,11
7,2,81.186,2.215,3,0,11
7,2,33.346,2.0213,4,2,10
7,2,78.387,3.1186,4,2,7
7,2,135.5,2.4165,4,0,6
7,2,41.239,2.1151,2,2,6
7,2,4.0834,1.5095,1,0,3
7,2,7.5911,1.9129,4,0,5
7,2,89.422,1.7135,4,2,8
7,2,20.235,2.3146,2,2,5
7,2,1.88,1.8135,2,2,3
7,2,20.879,1.8161,3,0,10
7,2,3.7594,2.0126,3,0,2
7,2,18.439,1.7126,3,0,12
7,2,0.45283,2.2143,2,0,2
7,2,8.7571,1.9113,3,2,3
7,2,10.609,1.9128,3,0,1
7,2,7.003,1.6098,2,0,11
7,2,2.4593,1.1073,1,0,3
7,2,29.266,2.2148,3,0,11
7,2,0.75288,1.6101,3,0,9
7,2,0.99845,1.5121,2,2,3
7,2,24.879,1.4079,1,0,10
7,2,2.0375,1.3081,1,2,4
7,2,12.978,1.509,1,2,8
7,2,9.5015,1.9115,4,2,2
7,2,0.25999,1.7122,3,2,9
7,2,51.258,2.0148,3,0,4
7,2,2.0843,1.8111,4,2,1
7,2,8.8308,1.4084,1,0,11
7,2,1.2736,1.8113,3,2,2
7,2,14.537,1.9111,1,0,12
7,2,24.344,1.7107,2,0,11
7,2,56.207,2.214,2,0,10
7,2,26.673,1.7098,3,2,10
7,2,0.88009,1.3079,1,2,7
7,2,22.542,2.4184,4,0,12
7,2,16.491,1.007,1,2,12
7,2,7.6123,1.71,2,2,7
7,2,0.835,1.7115,4,2,3
7,2,0.9949,1.7102,2,2,1
7,2,6.3869,1.2071,3,0,3
7,2,6.5977,1.611,1,0,2
7,2,6.292,1.5088,3,0,3
7,2,1.235,1.3081,1,0,6
7,2,0.12356,1.4108,4,0,7
7,2,48.888,2.7162,4,2,6
7,2,4.0487,2.3166,4,2,11
7,2,25.672,1.8122,4,2,11
7,2,98.758,3.0173,4,0,2
7,2,92.252,1.4087,4,0,10
7,2,2.9142,1.7107,2,2,11
7,2,3.5045,1.3083,1,2,1
7,2,87.531,2.2149,3,2,11
7,2,1.58,2.2147,4,2,3
7,2,1.0504,1.6115,4,0,3
7,2,12.079,2.0149,4,2,12
7,2,40.819,1.9161,3,2,10
7,2,4.0946,2.0181,3,0,6
7,2,19.643,1.5096,3,2,12
7,2,1.7848,1.4087,3,0,2
7,2,15.048,2.5162,3,2,8
7,2,0.64461,1.5087,2,0,3
7,2,0.6307,1.5099,1,2,9
7,2,13.085,1.9118,2,2,12
7,2,0.79181,1.6098,2,0,3
7,2,8.6092,1.3084,1,2,6
7,2,15.854,2.2152,3,2,4
7,2,2.6642,1.3042,1,0,1
7,2,2.6513,1.7101,4,0,11
7,2,10.009,1.6103,2,0,12
7,2,132.45,1.8111,4,2,4
7,2,4.3618,1.3079,1,2,3
7,2,3.6657,1.5098,1,2,2
7,2,1.0221,1.8049,4,0,3
7,2,56.269,1.9113,2,2,10
7,2,6.4258,1.8072,2,2,11
7,2,8.8568,2.1139,3,2,11
7,2,37.277,1.4036,3,0,7
7,2,9.0989,1.1072,1,0,2
7,2,4.9088,1.7099,3,2,7
7,2,1.7624,1.4116,1,0,9
7,2,3.1575,1.4092,4,2,9
7,2,45.007,1.7114,2,2,4
7,2,4.9377,1.9116,4,0,9
7,2,10.467,2.3149,2,2,8
7,2,25.772,1.9137,2,2,10
7,2,49.912,2.0123,2,0,4
7,2,7.702,2.0122,3,2,6
7,2,50.745,2.3137,4,2,5
7,2,5.0045,1.4098,3,2,1
7,2,0.43818,1.3086,1,2,5
7,2,17.342,1.9118,1,0,8
7,2,6.4222,1.5113,2,0,9
7,2,12.989,1.9127,3,0,5
7,2,17.287,1.4087,4,2,10
7,2,2.2849,1.8114,2,2,2
7,2,0.1783,1.2075,1,0,5
7,2,10.014,1.6097,1,2,2
7,2,35.339,1.7146,2,0,6
7,2,2.5126,1.6099,4,0,1
7,2,1.8301,1.2076,1,0,7
7,2,7.8942,1.711,3,2,5
7,2,35.978,2.0149,4,0,10
7,2,25.481,1.8116,1,0,10
7,2,1.6162,1.5101,4,2,2
7,2,18.651,1.7112,1,2,10
7,2,5.8962,1.6099,3,2,3
7,2,11.136,1.8109,3,0,10
7,2,13.72,1.811,1,2,11
7,2,1.7279,1.4113,2,0,1
7,2,25.699,2.3161,2,0,8
7,2,95.242,1.9113,4,0,8
7,2,23.137,1.5111,1,2,11
7,2,24.908,1.4106,1,2,10
7,2,19.364,1.51,1,0,11
7,2,5.9358,1.6122,1,2,3
7,2,2.4558,1.7132,2,0,5
7,2,6.9455,1.8135,3,2,2
7,3,0.82556,1.6186,4,0,4
7,3,32.491,1.5122,2,0,10
7,3,22.37,1.4099,4,0,2
7,3,4.6775,1.6153,2,0,7
7,3,23.117,1.6082,3,0,8
7,3,0.81754,1.4088,2,2,2
7,3,45.81,1.9178,1,0,4
7,3,2.3512,1.5108,2,0,2
7,3,17.485,1.3076,2,2,9
7,3,148.72,2.0133,4,0,11
7,3,62.8,2.1134,3,0,11
7,3,33.326,1.6103,4,2,10
7,3,19.536,2.0134,4,2,7
7,3,18.099,2.0132,4,0,6
7,3,9.0467,2.6247,2,2,6
7,3,4.4329,1.1067,1,0,3
7,3,26.265,1.9119,4,0,5
7,3,26.008,1.5105,4,2,8
7,3,16.226,2.0126,2,2,5
7,3,0.062573,1.2082,2,2,3
7,3,67.477,2.0133,3,0,10
7,3,2.8531,1.6123,3,0,2
7,3,6.3964,1.7104,3,0,12
7,3,8.7739,1.3065,2,0,2
7,3,8.1408,2.114,3,2,3
7,3,6.0716,1.6139,3,0,1
7,3,2.2208,2.2146,2,0,11
7,3,1.5013,1.1071,1,0,3
7,3,0.93151,1.6125,3,0,11
7,3,8.1544,1.207,3,0,9
7,3,2.6369,1.711,2,2,3
7,3,10.305,1.4096,1,0,10
7,3,3.2578,1.5092,1,2,4
7,3,0.49274,1.4084,1,2,8
7,3,0.36867,2.0119,4,2,2
7,3,0.72323,1.411,3,2,9
7,3,32.6,2.1171,3,0,4
7,3,7.8359,1.3086,4,2,1
7,3,33.836,2.618,1,0,11
7,3,1.21,1.5098,3,2,2
7,3,7.215,1.6104,1,0,12
7,3,26.028,1.9127,2,0,11
7,3,25.943,1.9145,2,0,10
7,3,39.008,2.0128,3,2,10
7,3,0.26832,1.3065,1,2,7
7,3,5.9837,2.0122,4,0,12
7,3,23.138,1.2073,1,2,12
7,3,6.1527,1.7113,2,2,7
7,3,0.80139,1.6133,4,2,3
7,3,5.9806,1.2072,2,2,1
7,3,3.0843,1.208,3,0,3
7,3,2.5872,1.2078,1,0,2
7,3,1.1439,1.5104,3,0,3
7,3,7.5827,1.509,1,0,6
7,3,3.4193,1.2093,4,0,7
7,3,73.276,3.0174,4,2,6
7,3,95.596,1.8113,4,2,11
7,3,24.507,1.912,4,2,11
7,3,2.3758,1.5098,4,0,2
7,3,61.952,1.9144,4,0,10
7,3,11.236,2.014,2,2,11
7,3,0.39655,1.4085,1,2,1
7,3,25.447,1.6101,3,2,11
7,3,6.1511,1.4106,4,2,3
7,3,5.9496,1.5115,4,0,3
7,3,13.241,1.6105,4,2,12
7,3,44.452,2.3161,3,2,10
7,3,65.486,1.8123,3,0,6
7,3,24.267,1.6174,3,2,12
7,3,4.273,1.7123,3,0,2
7,3,20.019,1.4092,3,2,8
7,3,3.5527,1.2095,2,0,3
7,3,1.5312,1.4137,1,2,9
7,3,4.3599,1.3085,2,2,12
7,3,2.6369,1.41,2,0,3
7,3,7.348,1.3079,1,2,6
7,3,52.274,2.1131,3,2,4
7,3,0.96839,1.1072,1,0,1
7,3,71.033,2.3178,4,0,11
7,3,19.783,1.3079,2,0,12
7,3,49.587,2.5188,4,2,4
7,3,1.4376,1.109,1,2,3
7,3,7.8874,1.5095,1,2,2
7,3,3.2436,1.4084,4,0,3
7,3,23.671,1.41,2,2,10
7,3,170.55,1.6105,2,2,11
7,3,7.5172,2.1135,3,2,11
7,3,152.31,2.0149,3,0,7
7,3,5.439,1.4131,1,0,2
7,3,0.29692,1.3106,3,2,7
7,3,1.628,1.2081,1,0,9
7,3,8.4905,1.6102,4,2,9
7,3,40.265,1.8123,2,2,4
7,3,3.6915,1.2076,4,0,9
7,3,16.804,2.4147,2,2,8
7,3,31.326,1.7101,2,2,10
7,3,52.68,1.4146,2,0,4
7,3,12.184,2.0169,3,2,6
7,3,5.3463,2.0142,4,2,5
7,3,2.8427,1.4087,3,2,1
7,3,6.3309,1.1067,1,2,5
7,3,6.7529,1.6115,1,0,8
7,3,8.0517,1.5092,2,0,9
7,3,10.939,2.0125,3,0,5
7,3,29.827,1.7106,4,2,10
7,3,8.6117,1.7117,2,2,2
7,3,11.182,1.812,1,0,5
7,3,10.825,1.2074,1,2,2
7,3,25.603,1.8186,2,0,6
7,3,0.12046,1.208,4,0,1
7,3,4.9049,1.5104,1,0,7
7,3,12.2,1.7129,3,2,5
7,3,62.634,1.5128,4,0,10
7,3,26.244,1.3078,1,0,10
7,3,4.4282,1.5095,4,2,2
7,3,17.899,1.3075,1,2,10
7,3,1.0052,1.5092,3,2,3
7,3,31.979,1.512,3,0,10
7,3,13.382,1.8119,1,2,11
7,3,0.046902,1.2079,2,0,1
7,3,8.6768,1.717,2,0,8
7,3,141.48,1.107,4,0,8
7,3,11.773,1.5096,1,2,11
7,3,9.8281,1.9126,1,2,10
7,3,0.89307,1.6122,1,0,11
7,3,0.25106,1.3096,1,2,3
7,3,8.9718,2.4171,2,0,5
7,3,6.5505,2.0192,3,2,2
